0 0
50 0.242386
100 0.312278
150 0.387279
200 0.444318
250 0.486249
300 0.526099
350 0.538237
400 0.573205
450 0.605967
500 0.666137
550 0.698631
600 0.706145
650 0.710848
700 0.75684
750 0.771534
800 0.787849
850 0.749788
900 0.776622
950 0.823667
1000 0.826857
1050 0.887904
1100 0.837292
1150 0.883612
1200 0.901011
1250 0.93094
1300 0.947553
1350 0.926477
1400 0.95905
1450 0.972672
1500 0.997942
1550 1.02824
1600 1.02443
1650 0.992557
1700 1.04993
1750 1.04098
1800 1.061
1850 1.09023
1900 1.00429
1950 1.04724
