0 0
50 0.544526
100 0.613376
150 0.619169
200 0.642109
250 0.620362
300 0.622852
350 0.625104
400 0.6
450 0.658644
500 0.603251
550 0.657059
600 0.60744
650 0.610186
700 0.654731
750 0.601547
800 0.662724
850 0.625935
900 0.672502
950 0.624366
1000 0.668815
1050 0.660188
1100 0.693049
1150 0.6192
1200 0.636378
1250 0.659782
1300 0.651517
1350 0.664967
1400 0.638872
1450 0.610092
1500 0.581512
1550 0.636551
1600 0.672494
1650 0.664501
1700 0.660373
1750 0.667641
1800 0.575737
1850 0.65283
1900 0.666933
1950 0.616108
