0 1.14326
1 1.19419
2 0.953356
3 1.17386
4 1.14814
5 1.09797
6 1.03948
7 1.12118
8 1.16202
9 1.16719
10 1.07558
11 1.07912
12 1.34941
13 1.29321
14 1.34586
15 1.16977
16 1.18971
17 1.164
18 1.28829
19 1.30379
20 1.37564
21 1.28135
22 1.49068
23 1.25296
24 1.15461
25 1.06961
26 1.19033
27 1.27418
28 1.26543
29 1.40666
30 1.1064
31 1.20892
32 1.43153
33 1.15916
34 1.28839
35 1.16942
36 1.52957
37 1.53229
38 1.17055
39 1.46113
40 1.01253
41 1.37179
42 1.62448
43 1.32072
44 1.25513
45 1.31845
46 1.11886
47 1.07061
48 1.0605
49 1.37191
50 1.36211
51 1.11315
52 1.17477
53 1.32534
54 1.38656
55 1.23596
56 1.30666
57 1.22828
58 1.07318
59 1.47599
60 1.54896
61 1.35064
62 1.41478
63 1.47511
64 1.48953
65 1.39639
66 1.30745
67 1.55915
68 1.6412
69 1.31572
70 1.51193
71 1.57627
72 1.03811
73 1.5833
74 1.49887
75 1.43199
76 1.33376
77 1.36322
78 1.47209
79 1.49193
80 1.52238
81 1.60205
82 1.46187
83 1.51802
84 1.47707
85 1.2208
86 1.64566
87 1.47552
88 1.14789
89 1.22833
90 1.283
91 1.47951
92 1.43768
93 1.40964
94 1.33114
95 1.21092
96 1.1619
97 1.50221
98 1.44877
99 1.39151
100 1.34722
101 1.28389
102 1.42355
103 1.17176
104 1.26574
105 1.39901
106 1.50115
107 1.35928
108 1.29566
109 1.43158
110 1.22231
111 1.36187
112 1.4404
113 1.47376
114 1.65278
115 1.44057
116 1.34323
117 1.62786
118 1.4876
119 1.60678
120 1.36075
121 1.62109
122 1.56419
123 1.22596
124 1.34924
125 1.40841
126 1.38414
127 1.31219
128 1.41196
129 1.36029
130 1.47059
131 1.48454
132 1.39367
133 1.45314
134 1.33729
135 1.51352
136 1.91173
137 1.49129
138 1.62763
139 1.44479
140 1.43687
141 1.70509
142 1.46745
143 1.47377
144 1.50521
145 1.5733
146 1.46629
147 1.45701
148 1.46593
149 1.3959
150 1.59072
151 1.53366
152 1.69514
153 1.5261
154 1.50285
155 1.38466
156 1.41409
157 1.68031
158 1.62292
159 1.73978
160 1.65013
161 1.58247
162 1.47086
163 1.59899
164 1.55864
165 1.40049
166 1.58198
167 1.17835
168 1.53567
169 1.9685
170 1.60593
171 1.6295
172 1.71391
173 1.7667
174 1.55484
175 1.56291
176 1.31292
177 1.80832
178 1.75615
179 1.30937
180 1.6118
181 1.32457
182 1.28202
183 1.45838
184 1.62781
185 1.52242
186 1.37836
187 1.56676
188 1.38267
189 1.52592
190 1.59703
191 1.57771
192 1.78461
193 1.40661
194 1.41571
195 1.36557
196 1.79105
197 1.64611
198 1.59183
199 1.54778
200 1.78089
201 1.6353
202 1.56705
203 1.622
204 1.6178
205 1.37463
206 1.76708
207 1.51027
208 1.65256
209 1.49627
210 1.7289
211 1.60986
212 1.76823
213 1.37892
214 1.68187
215 1.70694
216 1.49991
217 1.6225
218 1.51518
219 1.65058
220 1.66192
221 1.47219
222 1.75002
223 1.597
224 1.6246
225 1.49772
226 1.76565
227 1.46565
228 1.41971
229 1.62257
230 1.6189
231 1.56069
232 1.61571
233 1.4677
234 1.70684
235 1.66676
236 1.5766
237 1.47661
238 1.62264
239 1.79595
240 1.46469
241 1.62473
242 1.41697
243 2.00098
244 1.74051
245 1.41113
246 1.52069
247 1.50841
248 1.56136
249 1.63724
250 1.8862
251 1.48713
252 1.57178
253 1.47708
254 1.71091
255 1.64123
256 1.38515
257 1.88305
258 1.54167
259 1.59947
260 1.38533
261 1.53736
262 1.65832
263 1.56877
264 1.6589
265 1.8353
266 1.45174
267 1.78452
268 1.25042
269 1.76003
270 1.59681
271 1.6587
272 1.34871
273 1.78735
274 1.50815
275 1.68273
276 1.7369
277 1.46983
278 1.54782
279 1.6965
280 1.38924
281 1.50042
282 1.66152
283 1.51531
284 1.39247
285 1.65631
286 1.94508
287 1.60358
288 1.85158
289 1.79476
290 1.53238
291 1.42405
292 1.74769
293 1.55787
294 1.443
295 1.4488
296 1.4659
297 1.61563
298 1.62953
299 1.4003
300 1.93181
301 1.46877
302 1.5273
303 1.61054
304 1.64284
305 1.7643
306 1.55367
307 1.55834
308 1.49602
309 1.57618
310 1.69847
311 1.60292
312 1.74419
313 1.61973
314 1.78631
315 1.56204
316 1.47032
317 1.46262
318 1.49789
319 1.60366
320 1.67542
321 1.3623
322 1.48393
323 1.6383
324 1.50876
325 1.66069
326 1.69461
327 1.55682
328 1.59234
329 1.78809
330 1.6028
331 1.67659
332 1.35548
333 1.84695
334 1.71144
335 1.7706
336 1.27252
337 1.53439
338 1.66649
339 1.54543
340 1.6613
341 1.63277
342 1.63613
343 1.57385
344 1.68642
345 1.68388
346 1.75047
347 1.51744
348 1.52896
349 1.60361
350 1.56033
351 1.17705
352 1.76037
353 1.74427
354 1.59026
355 1.59607
356 1.48262
357 1.65635
358 1.6985
359 1.55807
360 1.63283
361 1.48751
362 1.61126
363 1.75703
364 1.70644
365 1.49798
366 1.60761
367 1.76447
368 1.32922
369 1.57384
370 1.84777
371 1.58677
372 1.56904
373 1.51299
374 1.54822
375 1.49051
376 1.59278
377 1.67817
378 1.87429
379 1.69391
380 1.41798
381 1.6517
382 1.5561
383 1.44445
384 1.71336
385 1.6322
386 1.68091
387 1.82413
388 1.90283
389 1.69027
390 1.87567
391 1.61786
392 1.40737
393 1.57007
394 1.73282
395 1.50458
396 1.85639
397 1.51049
398 1.74052
399 1.59603
400 1.48455
401 1.70707
402 1.56766
403 1.83663
404 1.49296
405 1.71398
406 1.67216
407 1.59724
408 1.60096
409 1.71729
410 1.51262
411 1.66411
412 1.33849
413 1.70026
414 1.60185
415 1.58877
416 1.76392
417 1.48909
418 1.82953
419 1.48319
420 1.82131
421 1.45558
422 1.59531
423 1.69717
424 1.68528
425 1.76836
426 1.74907
427 1.49657
428 1.82493
429 1.70104
430 1.66843
431 1.82727
432 1.84756
433 1.70215
434 1.49068
435 1.71106
436 1.49132
437 1.50665
438 1.80758
439 1.76867
440 1.63028
441 1.68597
442 1.56145
443 1.72174
444 1.82217
445 1.77811
446 1.90981
447 1.64648
448 1.65685
449 1.53606
450 1.3407
451 1.71439
452 1.93185
453 1.55739
454 1.74028
455 1.49032
456 1.51902
457 1.64941
458 1.50118
459 2.02262
460 1.61475
461 1.71689
462 1.70701
463 1.60937
464 1.7939
465 1.55215
466 1.61933
467 1.4488
468 1.66469
469 1.51294
470 1.58346
471 1.54498
472 1.5939
473 1.59981
474 1.42727
475 1.68138
476 1.42931
477 1.90097
478 1.41935
479 1.49102
480 1.41602
481 1.73075
482 1.48812
483 1.67784
484 1.55959
485 1.49196
486 1.93105
487 1.52304
488 1.75639
489 1.91763
490 1.55979
491 1.71405
492 1.7771
493 1.65855
494 1.80609
495 1.62244
496 1.44228
497 1.49785
498 1.56379
499 1.67133
500 1.68331
501 1.60041
502 1.83242
503 1.52564
504 1.68359
505 1.59481
506 1.58529
507 1.54507
508 1.74901
509 1.78894
510 1.67095
511 1.44401
512 1.71148
513 1.63467
514 1.80749
515 1.59375
516 1.63681
517 1.68147
518 1.72079
519 1.7602
520 1.57379
521 1.44332
522 1.71524
523 1.81544
524 1.38826
525 1.41903
526 1.74659
527 1.58142
528 1.75869
529 1.76649
530 1.7654
531 1.65737
532 1.78634
533 1.53859
534 1.63318
535 1.50139
536 1.70447
537 1.3115
538 1.73101
539 1.57301
540 1.73601
541 1.81999
542 1.8111
543 1.7387
544 1.64752
545 1.54372
546 1.71936
547 1.46136
548 1.7652
549 1.65058
550 1.84063
551 1.62212
552 1.81808
553 1.53497
554 1.50892
555 1.546
556 1.54699
557 1.87122
558 1.41177
559 1.59169
560 1.40184
561 1.66538
562 1.90068
563 1.58751
564 1.76907
565 1.90787
566 1.61713
567 1.64092
568 1.94603
569 1.51332
570 1.62576
571 1.89468
572 1.56413
573 1.67918
574 1.69336
575 1.68015
576 1.67267
577 1.97448
578 1.6074
579 1.64535
580 1.62537
581 1.56185
582 1.59914
583 1.60092
584 1.49161
585 1.63937
586 1.57266
587 1.66594
588 1.64278
589 2.00483
590 1.7753
591 1.68118
592 1.67984
593 1.68862
594 1.88751
595 1.86606
596 1.59417
597 1.48622
598 1.6913
599 1.6994
600 1.90557
601 1.65074
602 1.65345
603 1.62173
604 1.55635
605 1.69348
606 1.57194
607 1.59963
608 1.43006
609 1.41158
610 1.64462
611 1.74905
612 1.68894
613 1.6029
614 1.50968
615 1.64224
616 1.85665
617 1.88109
618 1.38299
619 1.7579
620 1.60193
621 1.66525
622 1.75038
623 1.67243
624 1.70848
625 1.66197
626 1.51019
627 1.95545
628 1.65402
629 1.46838
630 1.65406
631 1.71589
632 1.77843
633 1.70265
634 1.64382
635 1.52079
636 1.57404
637 1.70417
638 1.80314
639 1.75171
640 1.91113
641 1.75056
642 1.41653
643 1.61405
644 1.75957
645 1.60668
646 1.6534
647 1.66389
648 1.88876
649 1.61299
650 1.98243
651 1.61042
652 1.55611
653 1.88456
654 1.76829
655 1.71497
656 1.86731
657 1.66835
658 1.82329
659 1.73074
660 1.58413
661 1.71927
662 1.98045
663 1.80451
664 1.61482
665 1.51747
666 1.63238
667 1.55801
668 1.60137
669 1.66437
670 1.77599
671 1.82719
672 1.75799
673 1.90705
674 1.60232
675 1.96479
676 1.60339
677 1.66916
678 1.72894
679 1.74214
680 1.69216
681 1.82423
682 1.5979
683 1.82382
684 1.38637
685 1.51954
686 1.67497
687 1.75171
688 1.46734
689 1.55995
690 1.44527
691 1.65989
692 1.72435
693 1.54396
694 1.60979
695 1.7709
696 1.64281
697 1.75794
698 1.50172
699 1.42335
700 1.8025
701 1.35279
702 1.90429
703 1.40384
704 1.68101
705 1.77274
706 1.61817
707 1.70862
708 1.75236
709 1.55131
710 1.6204
711 1.64904
712 1.68386
713 1.95426
714 1.53415
715 1.75312
716 1.5748
717 1.62765
718 1.516
719 1.63469
720 1.68644
721 1.71082
722 1.63332
723 1.54804
724 1.67724
725 1.69146
726 1.60117
727 1.787
728 1.78009
729 1.67274
730 1.7005
731 1.52652
732 1.55653
733 1.75071
734 1.72099
735 1.52842
736 2.01217
737 1.48888
738 1.62517
739 1.69363
740 1.66836
741 1.45844
742 1.86263
743 1.71436
744 1.50479
745 1.66452
746 1.39886
747 1.72522
748 1.7726
749 1.88858
750 1.83929
751 1.56184
752 1.63227
753 1.81172
754 1.72144
755 1.56303
756 1.89638
757 1.68381
758 1.54025
759 1.5639
760 1.46493
761 1.59648
762 1.68126
763 1.90045
764 1.7821
765 1.64512
766 1.54987
767 1.89047
768 1.71588
769 1.64303
770 1.67859
771 1.705
772 1.64898
773 1.69624
774 1.58634
775 1.65019
776 1.80116
777 1.67661
778 1.69751
779 1.7479
780 1.77618
781 1.96682
782 1.65464
783 1.84985
784 1.50509
785 1.49347
786 1.75641
787 1.52321
788 1.67957
789 1.76398
790 1.77025
791 1.86682
792 1.46896
793 1.53711
794 1.58795
795 1.62795
796 1.81982
797 1.74885
798 1.73841
799 1.85012
800 1.59761
801 1.81092
802 2.07611
803 1.78326
804 1.68418
805 1.77244
806 1.85354
807 1.70285
808 1.91299
809 1.96886
810 1.73818
811 1.60324
812 1.60497
813 1.67106
814 1.7992
815 1.55352
816 1.70545
817 1.43037
818 1.72418
819 1.7648
820 1.68979
821 1.67953
822 1.74194
823 1.86468
824 1.7065
825 1.5628
826 1.59595
827 1.85827
828 1.62219
829 1.76139
830 1.52407
831 1.80462
832 1.7791
833 1.75906
834 1.621
835 1.73754
836 1.94351
837 1.83751
838 1.81718
839 1.93446
840 1.56458
841 1.58924
842 1.93675
843 1.84553
844 1.87631
845 1.60705
846 1.8697
847 1.5558
848 1.62661
849 1.48549
850 1.76331
851 1.69064
852 1.82676
853 1.64465
854 1.74418
855 1.3716
856 1.7978
857 1.64302
858 1.57782
859 1.72228
860 1.62415
861 2.0185
862 1.55468
863 1.78306
864 1.90343
865 1.72026
866 1.58786
867 1.7428
868 1.6446
869 1.61968
870 1.60995
871 1.95318
872 1.61378
873 1.69436
874 1.67108
875 1.66779
876 1.77266
877 1.84375
878 1.90322
879 1.61757
880 1.65963
881 1.72544
882 1.57338
883 1.61637
884 1.64269
885 1.75872
886 1.7307
887 1.71124
888 1.77737
889 1.65033
890 1.6587
891 1.82686
892 1.5955
893 1.63339
894 1.76276
895 1.66704
896 1.73277
897 1.83042
898 1.64893
899 1.71753
900 1.54559
901 1.90949
902 1.81526
903 1.81048
904 1.86144
905 1.41508
906 1.72207
907 1.65896
908 1.59943
909 1.81448
910 1.83032
911 1.62046
912 1.86942
913 1.59707
914 1.56581
915 1.64926
916 1.67608
917 2.06361
918 1.57971
919 1.61544
920 1.96941
921 1.53177
922 1.82866
923 1.527
924 1.47716
925 1.79992
926 1.37177
927 1.75495
928 1.54981
929 1.72701
930 1.66313
931 1.653
932 1.65627
933 1.68472
934 1.88279
935 1.74674
936 1.67122
937 1.83479
938 1.75503
939 1.76298
940 1.81551
941 1.61416
942 1.75654
943 1.6018
944 1.76255
945 1.57822
946 1.79408
947 1.47691
948 1.68938
949 1.59277
950 1.67691
951 1.90307
952 1.76298
953 1.88675
954 1.62692
955 1.75525
956 1.70594
957 1.62109
958 1.71621
959 1.81285
960 1.65575
961 1.51749
962 1.8281
963 1.73431
964 1.73359
965 1.63858
966 2.00762
967 1.08058
968 1.80086
969 1.84754
970 1.9524
971 1.7052
972 1.65683
973 1.68359
974 1.53946
975 1.51894
976 1.90556
977 1.71464
978 1.66491
979 1.77278
980 1.65784
981 1.76626
982 1.78782
983 1.80376
984 1.68029
985 1.53923
986 1.61105
987 1.42842
988 1.82229
989 1.79921
990 1.6935
991 1.72667
992 1.89148
993 1.80902
994 1.78499
995 1.71762
996 1.58128
997 1.54388
998 1.81971
999 1.78945
