0 0
100 -0.276444
200 -0.211755
300 -0.314435
400 -0.483702
500 -0.524423
600 -0.447286
700 -0.624002
800 -0.570215
900 -0.442101
1000 -0.409119
1100 -0.609548
1200 -0.348031
1300 -0.473514
1400 -0.341455
1500 -0.530104
1600 -0.178995
1700 -0.306819
1800 -0.240505
1900 -0.547597
2000 -0.71861
2100 -0.24264
2200 -0.479369
2300 -0.327641
2400 -0.378899
2500 -0.715676
2600 -0.687045
2700 -0.838368
2800 -0.454581
2900 -0.610396
3000 -0.376787
3100 -0.515097
3200 -0.808507
3300 -0.52807
3400 -0.393343
3500 -0.816775
3600 -0.293792
3700 0.642298
3800 0.558756
3900 0.22439
4000 -0.399993
4100 -0.558452
4200 -0.569659
4300 -0.260282
4400 -0.49584
4500 -0.755406
4600 -0.58611
4700 -0.427604
4800 -0.580279
4900 -0.372025
5000 -0.411998
5100 -0.292272
5200 -0.264491
5300 -0.72045
5400 -1.04493
5500 -0.505753
5600 -0.683954
5700 -0.882916
5800 -0.54122
5900 -0.331468
6000 -0.662606
6100 -0.330321
6200 -0.721531
6300 -0.835652
6400 -0.692819
6500 -0.553143
6600 -0.828223
6700 -0.537787
6800 -0.438236
6900 -0.476275
7000 -0.160866
7100 -0.877704
7200 0.281028
7300 0.544131
7400 0.530841
7500 0.382311
7600 0.45417
7700 0.446605
7800 0.601488
7900 0.619758
8000 0.614063
8100 0.54398
8200 0.624433
8300 0.367515
8400 0.253125
8500 -0.247089
8600 -0.831964
8700 -0.631392
8800 -0.551051
8900 -0.369536
9000 -0.376164
9100 -0.371777
9200 -0.651677
9300 -0.202956
9400 -0.850297
9500 -0.981562
9600 -0.75388
9700 -0.644218
9800 -0.595302
9900 -0.316486
10000 -0.201834
10100 -0.432745
10200 -0.254512
10300 -1.12149
10400 -1.36499
10500 -0.741226
10600 -0.646565
10700 -0.53645
10800 -0.394358
10900 -0.157987
11000 -0.527769
11100 -0.329535
11200 -0.874301
11300 -1.11475
11400 -0.888786
11500 -0.704833
11600 -0.570861
11700 -0.467379
11800 -0.172542
11900 -0.567895
12000 -0.281171
12100 -1.12254
12200 -1.03806
12300 -0.699377
12400 -0.440062
12500 -0.522257
12600 -0.635396
12700 -0.231436
12800 -0.473985
12900 -0.204722
13000 -0.883427
13100 -1.037
13200 -0.743979
13300 -0.768192
13400 -0.480856
13500 -0.170464
13600 -0.230318
13700 -0.535013
13800 -0.288203
13900 -0.944901
14000 -0.913566
14100 -0.595641
14200 -0.840641
14300 -0.612088
14400 -0.472028
14500 -0.267771
14600 -0.606531
14700 -0.102338
14800 -1.11668
14900 -1.20869
15000 -0.427984
15100 -0.734362
15200 -0.536412
15300 -0.427199
15400 -0.385245
15500 -0.62213
15600 -0.382405
15700 -1.05119
15800 -1.33062
15900 -0.606893
16000 -0.603998
16100 -0.497006
16200 -0.378973
16300 -0.280913
16400 -0.727141
16500 -0.0823362
16600 -1.0623
16700 -1.16991
16800 -0.754745
16900 -0.663752
17000 -0.557757
17100 -0.431339
17200 -0.12691
17300 -0.126993
17400 -0.204849
17500 -1.01785
17600 -1.31802
17700 -0.415208
17800 -0.610315
17900 -0.499848
18000 -0.617957
18100 0.00143476
18200 -0.48566
18300 -0.130399
18400 -1.08829
18500 -1.26276
18600 -0.678665
18700 -0.516103
18800 -0.445051
18900 -0.327955
19000 -0.242953
19100 -0.516756
19200 -0.134787
19300 -1.09145
19400 -1.04524
19500 -0.441292
19600 -0.555665
19700 -0.767032
19800 0.315302
19900 0.637781
20000 0.672116
20100 0.433012
20200 0.323464
20300 0.337038
20400 0.449218
20500 0.550839
20600 0.434487
20700 0.368029
20800 0.608082
20900 0.518516
21000 0.350464
21100 0.430424
21200 0.52334
21300 0.542029
21400 0.510161
21500 0.59331
21600 0.653497
21700 0.6315
21800 0.454023
21900 0.425204
22000 0.497251
22100 0.444012
22200 0.564535
22300 0.581501
22400 0.384338
22500 0.45253
22600 0.47193
22700 0.335139
22800 0.657903
22900 0.651892
23000 0.473923
23100 0.515592
23200 0.539224
23300 0.614452
23400 0.648169
23500 0.503161
23600 0.453032
23700 0.403711
23800 0.607408
23900 0.236417
24000 0.351345
24100 0.442237
24200 0.747371
24300 0.47211
24400 0.327719
24500 0.513557
24600 0.622823
24700 0.694727
24800 0.339795
24900 0.569064
25000 0.615319
25100 0.359214
25200 0.538103
25300 0.54301
25400 0.529434
25500 0.421528
25600 0.522124
25700 0.534297
25800 0.483703
25900 0.399871
26000 0.477419
26100 0.516677
26200 0.485859
26300 0.368796
26400 0.398355
26500 0.586297
26600 0.631259
26700 0.628098
26800 0.485115
26900 0.299514
27000 0.503864
27100 0.550916
27200 0.538281
27300 0.455847
27400 0.31145
27500 0.645646
27600 0.595864
27700 0.483519
27800 0.444139
27900 0.579186
28000 0.412111
28100 0.541663
28200 0.412558
28300 0.400397
28400 0.57614
28500 0.314853
28600 0.595225
28700 0.30746
28800 0.402691
28900 0.524586
29000 0.321068
29100 0.780977
29200 0.568061
29300 0.402448
29400 0.34061
29500 0.622114
29600 0.509944
29700 0.252394
29800 0.375974
29900 0.430828
