0 0.174077
1 0.00980527
2 -0.00315673
3 2.44846e-315
4 0.314283
5 0.129385
6 0
7 0.00577967
8 0
9 -0.2915
10 2.03859
11 1.6324
12 1.43571
13 1.2257
14 0.953486
15 0.849755
16 0.912636
17 0.882705
18 0.885649
19 0.819924
20 0.652904
21 0.745317
22 0.8398
23 0.821538
24 0.864366
25 0.857849
26 0.977243
27 0.800331
28 0.656918
29 0.723669
30 0.798823
31 0.927835
32 0.946728
33 0.636811
34 0.919333
35 0.871906
36 0.763805
37 0.852795
38 0.948637
39 0.712049
40 0.938803
41 0.823406
42 0.851438
43 0.950415
44 0.791613
45 0.823278
46 0.786092
47 0.943447
48 0.917688
49 0.881526
50 0.967815
51 0.720015
52 0.878542
53 0.859785
54 0.87638
55 0.885579
56 0.925285
57 1.0677
58 1.07313
59 0.954504
60 1.10893
61 0.915192
62 1.02365
63 0.992443
64 0.96759
65 1.02163
66 0.883101
67 1.10682
68 0.935505
69 1.02521
70 1.07628
71 0.947163
72 1.08623
73 1.0424
74 0.916465
75 1.07037
76 1.02649
77 1.05219
78 0.849781
79 0.86193
80 0.954053
81 0.897339
82 0.901777
83 0.858329
84 0.832058
85 0.943053
86 1.10025
87 0.942506
88 1.13756
89 1.11747
90 1.14309
91 1.01551
92 0.954182
93 1.06427
94 1.01047
95 1.13119
96 0.943002
97 1.08812
98 1.14796
99 1.05758
100 1.16707
101 1.07378
102 1.05038
103 1.00344
104 1.15207
105 1.15979
106 1.23783
107 1.00151
108 1.05753
109 1.06547
110 1.0277
111 1.10148
112 1.12816
113 1.17011
114 1.08646
115 1.16701
116 1.16288
117 1.10786
118 1.037
119 1.14568
120 1.03632
121 1.03658
122 1.07632
123 1.17698
124 1.1536
125 1.22033
126 1.09199
127 1.03421
128 1.08272
129 1.06027
130 1.1269
131 1.20321
132 1.28952
133 1.23977
134 1.08088
135 1.17071
136 1.23783
137 1.20836
138 1.14554
139 1.06915
140 1.14692
141 1.12852
142 1.06877
143 1.20061
144 0.998332
145 0.993175
146 1.10155
147 1.1048
148 1.06329
149 1.05077
150 1.18937
151 1.14909
152 1.19821
153 1.08361
154 1.20444
155 1.15965
156 1.14533
157 1.16203
158 1.25737
159 1.1544
160 1.15
161 1.17041
162 1.16684
163 1.05934
164 1.06851
165 1.08667
166 1.16247
167 1.20666
168 1.20947
169 1.02705
170 1.19687
171 1.2394
172 1.05698
173 1.04117
174 1.13624
175 1.12662
176 1.12371
177 1.18861
178 1.1194
179 1.02571
180 1.04555
181 1.07655
182 1.08768
183 1.09141
184 1.1647
185 1.14008
186 1.08435
187 1.14667
188 1.097
189 1.07879
190 1.08789
191 1.20805
192 1.0044
193 1.15502
194 1.15552
195 1.15506
196 1.0815
197 1.21135
198 1.12649
199 1.14187
200 1.08822
201 1.06253
202 1.11879
203 1.10233
204 1.14502
205 1.09547
206 1.14137
207 1.07313
208 1.10309
209 1.17615
210 1.17338
211 1.18121
212 1.13093
213 1.20742
214 1.12907
215 1.10687
216 1.11172
217 1.17762
218 1.17296
219 1.1292
220 1.09483
221 1.03401
222 1.14825
223 1.126
224 1.10346
225 1.07881
226 1.15335
227 1.07526
228 1.13753
229 1.19777
230 1.17068
231 1.11909
232 1.14192
233 1.15339
234 1.172
235 1.04021
236 1.15875
237 1.13443
238 1.11132
239 1.15942
240 1.16273
241 1.24434
242 1.17314
243 1.19374
244 1.21693
245 1.23563
246 1.21232
247 1.25353
248 1.16098
249 1.26405
250 1.22925
251 1.2934
252 1.22778
253 1.23492
254 1.22517
255 1.28656
256 1.2381
257 1.16277
258 1.13292
259 1.24511
260 1.17055
261 1.13649
262 1.20626
263 1.22142
264 1.21054
265 1.15457
266 1.26746
267 1.21767
268 1.17901
269 1.1403
270 1.16973
271 1.11134
272 1.14039
273 1.19879
274 1.08961
275 1.16177
276 1.16483
277 1.08797
278 1.12971
279 1.18626
280 1.19727
281 1.0971
282 1.14694
283 1.19977
284 1.16836
285 1.1359
286 1.2861
287 1.18574
288 1.27602
289 1.2017
290 1.1994
291 1.18023
292 1.16034
293 1.20442
294 1.11021
295 1.10293
296 1.15558
297 1.08115
298 1.14452
299 1.14008
300 1.22359
301 1.10374
302 1.23008
303 1.22271
304 1.26802
305 1.28506
306 1.24255
307 1.13822
308 1.14955
309 1.18251
310 1.24587
311 1.21317
312 1.2071
313 1.23579
314 1.22691
315 1.22658
316 1.21093
317 1.23861
318 1.24203
319 1.19968
320 1.17141
321 1.15163
322 1.11265
323 1.11882
324 1.15184
325 1.17324
326 1.1519
327 1.21906
328 1.23199
329 1.28163
330 1.20574
331 1.05618
332 1.22167
333 1.19524
334 1.152
335 1.23735
336 1.1742
337 1.2175
338 1.16802
339 1.17188
340 1.1063
341 1.20953
342 1.29445
343 1.2692
344 1.20364
345 1.19804
346 1.12328
347 1.23812
348 1.14899
349 1.18508
350 1.26504
351 1.21392
352 1.20502
353 1.18809
354 1.18089
355 1.28423
356 1.25325
357 1.2848
358 1.22722
359 1.19909
360 1.20126
361 1.27314
362 1.30054
363 1.26954
364 1.29971
365 1.1949
366 1.18923
367 1.25589
368 1.25362
369 1.27861
370 1.31779
371 1.32022
372 1.21877
373 1.20336
374 1.1022
375 1.09347
376 1.00994
377 1.16493
378 1.21864
379 1.22338
380 1.1879
381 1.2155
382 1.26737
383 1.22904
384 1.25761
385 1.25121
386 1.2841
387 1.22625
388 1.27563
389 1.26211
390 1.22894
391 1.24613
392 1.265
393 1.24679
394 1.25544
395 1.19423
396 1.23023
397 1.24856
398 1.21954
399 1.26874
400 1.16539
401 1.23131
402 1.18578
403 1.2656
404 1.25128
405 1.23638
406 1.27243
407 1.27115
408 1.25806
409 1.32044
410 1.34978
411 1.29518
412 1.29848
413 1.32081
414 1.22385
415 1.24688
416 1.23406
417 1.28796
418 1.18128
419 1.17782
420 1.24796
421 1.27996
422 1.25787
423 1.24929
424 1.25696
425 1.12998
426 1.19166
427 1.23184
428 1.21696
429 1.19977
430 1.24093
431 1.24424
432 1.14015
433 1.19521
434 1.24822
435 1.19127
436 1.23579
437 1.23687
438 1.20475
439 1.18632
440 1.20141
441 1.17898
442 1.19078
443 1.29639
444 1.25848
445 1.20764
446 1.27171
447 1.26006
448 1.17252
449 1.25952
450 1.2578
451 1.13665
452 1.2464
453 1.25323
454 1.1526
455 1.20983
456 1.184
457 1.21205
458 1.17898
459 1.24089
460 1.2535
461 1.21863
462 1.28569
463 1.22896
464 1.25024
465 1.24858
466 1.32024
467 1.25654
468 1.17859
469 1.2626
470 1.26459
471 1.32501
472 1.2465
473 1.26753
474 1.28685
475 1.29697
476 1.30169
477 1.21776
478 1.24686
479 1.16361
480 1.2201
481 1.24916
482 1.23536
483 1.15379
484 1.16649
485 1.18559
486 1.20966
487 1.20813
488 1.21801
489 1.09658
490 1.20614
491 1.20424
492 1.22448
493 1.27545
494 1.23606
495 1.1927
496 1.21331
497 1.19742
498 1.25566
499 1.22415
500 1.18931
501 1.29203
502 1.26633
503 1.30896
504 1.32692
505 1.26919
506 1.25479
507 1.21493
508 1.32008
509 1.32004
510 1.23767
511 1.313
512 1.30583
513 1.29383
514 1.27799
515 1.31033
516 1.26028
517 1.26231
518 1.2813
519 1.24749
520 1.2885
521 1.2261
522 1.22902
523 1.11622
524 1.11621
525 1.14317
526 1.18329
527 1.23755
528 1.298
529 1.24452
530 1.20378
531 1.22933
532 1.23607
533 1.18892
534 1.22451
535 1.27917
536 1.25603
537 1.2631
538 1.22083
539 1.30461
540 1.2856
541 1.22201
542 1.19551
543 1.22733
544 1.08622
545 1.13715
546 1.25002
547 1.27432
548 1.31204
549 1.28485
550 1.28579
551 1.27461
552 1.29224
553 1.31313
554 1.26862
555 1.30616
556 1.26346
557 1.3185
558 1.28735
559 1.27935
560 1.18784
561 1.26868
562 1.3015
563 1.27817
564 1.24542
565 1.263
566 1.28016
567 1.26518
568 1.25495
569 1.11607
570 1.26454
571 1.22519
572 1.29925
573 1.21373
574 1.28654
575 1.23627
576 1.24918
577 1.26799
578 1.28426
579 1.2353
580 1.19083
581 1.12345
582 1.2266
583 1.25756
584 1.22911
585 1.27133
586 1.31772
587 1.2233
588 1.28621
589 1.30967
590 1.28007
591 1.22728
592 1.24588
593 1.29486
594 1.25114
595 1.26181
596 1.164
597 1.27765
598 1.23519
599 1.34192
600 1.34087
601 1.27521
602 1.29768
603 1.30437
604 1.27234
605 1.31879
606 1.32809
607 1.2467
608 1.26212
609 1.32335
610 1.3246
611 1.29447
612 1.30416
613 1.32997
614 1.34137
615 1.30632
616 1.25429
617 1.20087
618 1.29298
619 1.26619
620 1.29542
621 1.27195
622 1.27322
623 1.27474
624 1.24652
625 1.18596
626 1.22877
627 1.29957
628 1.31006
629 1.3312
630 1.3104
631 1.30218
632 1.23943
633 1.29516
634 1.32268
635 1.33581
636 1.25489
637 1.30462
638 1.29517
639 1.34682
640 1.26367
641 1.2665
642 1.27875
643 1.25856
644 1.20725
645 1.19248
646 1.25934
647 1.28802
648 1.26958
649 1.27865
650 1.25414
651 1.24151
652 1.1996
653 1.23654
654 1.23936
655 1.24814
656 1.20792
657 1.25034
658 1.28606
659 1.29034
660 1.28511
661 1.29631
662 1.24163
663 1.28893
664 1.31532
665 1.32517
666 1.31558
667 1.28337
668 1.28859
669 1.31366
670 1.32591
671 1.32409
672 1.22761
673 1.23523
674 1.30407
675 1.32535
676 1.34466
677 1.33233
678 1.35488
679 1.32821
680 1.2617
681 1.29584
682 1.31061
683 1.25616
684 1.25645
685 1.29138
686 1.34932
687 1.28866
688 1.34322
689 1.38651
690 1.33635
691 1.32105
692 1.3607
693 1.34619
694 1.28436
695 1.30765
696 1.33641
697 1.34826
698 1.29442
699 1.31125
700 1.30889
701 1.25327
702 1.31199
703 1.30003
704 1.25954
705 1.31816
706 1.31284
707 1.30534
708 1.25184
709 1.35237
710 1.28867
711 1.30579
712 1.29132
713 1.34772
714 1.33252
715 1.32555
716 1.3127
717 1.18952
718 1.32077
719 1.27919
720 1.32912
721 1.29877
722 1.24353
723 1.33823
724 1.33496
725 1.3729
726 1.33134
727 1.32952
728 1.26798
729 1.27787
730 1.33008
731 1.29632
732 1.29671
733 1.23172
734 1.21601
735 1.20608
736 1.29254
737 1.22862
738 1.25189
739 1.13618
740 1.28449
741 1.22711
742 1.2693
743 1.3018
744 1.30153
745 1.30352
746 1.25032
747 1.30574
748 1.2533
749 1.18233
750 1.30203
751 1.25614
752 1.26582
753 1.28237
754 1.27666
755 1.2533
756 1.23537
757 1.34089
758 1.37156
759 1.35481
760 1.34581
761 1.3191
762 1.36953
763 1.32637
764 1.34589
765 1.33378
766 1.32709
767 1.28432
768 1.34414
769 1.31109
770 1.29982
771 1.30401
772 1.26678
773 1.3326
774 1.31867
775 1.31339
776 1.33217
777 1.32
778 1.2766
779 1.31107
780 1.31271
781 1.3363
782 1.32265
783 1.23494
784 1.25795
785 1.27015
786 1.3237
787 1.27184
788 1.29443
789 1.30147
790 1.32405
791 1.33224
792 1.33301
793 1.30983
794 1.30625
795 1.32901
796 1.3024
797 1.25582
798 1.2974
799 1.27668
800 1.34341
801 1.34794
802 1.31495
803 1.24352
804 1.28776
805 1.298
806 1.29229
807 1.27007
808 1.27669
809 1.30726
810 1.28367
811 1.22429
812 1.28537
813 1.28697
814 1.29325
815 1.28204
816 1.28356
817 1.3439
818 1.30253
819 1.30731
820 1.26639
821 1.24018
822 1.25761
823 1.20751
824 1.26574
825 1.21293
826 1.31716
827 1.37002
828 1.36082
829 1.29703
830 1.25616
831 1.27042
832 1.30103
833 1.32345
834 1.30083
835 1.31804
836 1.31719
837 1.26697
838 1.26263
839 1.30893
840 1.31149
841 1.27518
842 1.26348
843 1.18501
844 1.28183
845 1.32872
846 1.32316
847 1.33451
848 1.30587
849 1.26835
850 1.33799
851 1.34437
852 1.31883
853 1.26036
854 1.30791
855 1.33392
856 1.3032
857 1.23627
858 1.2814
859 1.25857
860 1.23733
861 1.277
862 1.28067
863 1.30943
864 1.29028
865 1.28737
866 1.28165
867 1.28681
868 1.22906
869 1.26425
870 1.28561
871 1.2949
872 1.28637
873 1.28234
874 1.28698
875 1.3229
876 1.33318
877 1.30028
878 1.32624
879 1.28896
880 1.28999
881 1.34469
882 1.29385
883 1.29661
884 1.29945
885 1.36081
886 1.22364
887 1.36236
888 1.31393
889 1.34482
890 1.35153
891 1.24825
892 1.30343
893 1.29406
894 1.21866
895 1.2735
896 1.29672
897 1.27209
898 1.28713
899 1.33074
900 1.33651
901 1.31996
902 1.32255
903 1.29071
904 1.27351
905 1.31512
906 1.26162
907 1.30721
908 1.21747
909 1.2391
910 1.26883
911 1.29453
912 1.31097
913 1.29745
914 1.32621
915 1.32334
916 1.32888
917 1.34663
918 1.31804
919 1.31101
920 1.3415
921 1.25266
922 1.23097
923 1.34162
924 1.29791
925 1.27965
926 1.34701
927 1.29706
928 1.36234
929 1.32261
930 1.3719
931 1.36749
932 1.38596
933 1.33942
934 1.39402
935 1.31442
936 1.39076
937 1.38939
938 1.39354
939 1.39505
940 1.38303
941 1.33561
942 1.34331
943 1.37342
944 1.3649
945 1.34296
946 1.33558
947 1.38793
948 1.37803
949 1.31894
950 1.30963
951 1.31244
952 1.37094
953 1.31424
954 1.38801
955 1.34894
956 1.35423
957 1.40238
958 1.29872
959 1.26147
960 1.32716
961 1.33389
962 1.28383
963 1.30872
964 1.29534
965 1.30066
966 1.29593
967 1.33118
968 1.30573
969 1.28894
970 1.28681
971 1.26265
972 1.28476
973 1.29415
974 1.28938
975 1.27039
976 1.28007
977 1.31105
978 1.32862
979 1.33255
980 1.34484
981 1.34302
982 1.24087
983 1.28074
984 1.33163
985 1.32855
986 1.32449
987 1.29864
988 1.30776
989 1.34654
990 1.35708
991 1.30706
992 1.38311
993 1.2939
994 1.36931
995 1.39724
996 1.38379
997 1.36609
998 1.37717
999 1.39572
