0 -0.947652
1 -0.633488
2 -0.371308
3 -0.231348
4 0.671824
5 0.783463
6 1.14391
7 1.18321
8 1.40823
9 1.98551
10 1.31231
11 1.24873
12 1.06062
13 1.29758
14 1.01787
15 1.19405
16 1.18552
17 1.15298
18 1.22627
19 1.06421
20 1.2965
21 1.37937
22 1.28052
23 1.17983
24 1.29033
25 1.064
26 1.49051
27 1.3838
28 1.24523
29 1.52739
30 1.15293
31 1.30835
32 1.25015
33 1.36741
34 1.25484
35 1.31685
36 1.29989
37 1.46482
38 1.40672
39 1.4341
40 1.32256
41 1.29652
42 1.6015
43 1.38679
44 1.40725
45 1.15206
46 1.43102
47 1.24662
48 1.37209
49 1.35139
50 1.3784
51 1.26812
52 1.47102
53 1.47595
54 1.43037
55 1.12925
56 1.19001
57 1.41782
58 1.23004
59 1.24299
60 1.22907
61 1.28919
62 1.36913
63 1.5032
64 1.60963
65 1.41092
66 1.62038
67 1.5823
68 1.32883
69 1.41007
70 1.44052
71 1.50001
72 1.53223
73 1.63068
74 1.57549
75 1.46143
76 1.38615
77 1.69984
78 1.53052
79 1.32704
80 1.51513
81 1.51132
82 1.74618
83 1.52948
84 1.76134
85 1.50683
86 1.38094
87 1.52426
88 1.51081
89 1.52995
90 1.43882
91 1.60593
92 1.63616
93 1.53562
94 1.67196
95 1.62732
96 1.79642
97 1.70564
98 1.52102
99 1.54576
100 1.61522
101 1.60502
102 1.51302
103 1.51389
104 1.85177
105 1.78816
106 1.90336
107 1.77689
108 1.63623
109 1.7905
110 1.63018
111 1.61283
112 1.51225
113 1.52319
114 1.81578
115 1.7721
116 1.67977
117 1.52897
118 1.57753
119 1.89835
120 1.59773
121 1.69199
122 1.8056
123 1.40245
124 1.63738
125 1.6773
126 1.80036
127 1.58813
128 1.63325
129 1.4714
130 1.6083
131 1.66335
132 1.63627
133 1.7133
134 1.47813
135 1.76589
136 1.62317
137 1.68561
138 1.55774
139 1.59628
140 1.51373
141 1.64871
142 1.81405
143 1.52055
144 1.52828
145 1.58161
146 1.58797
147 1.62033
148 1.54664
149 1.74993
150 1.78778
151 1.71781
152 1.65925
153 1.76177
154 1.66402
155 1.84561
156 1.80107
157 1.65821
158 1.7324
159 1.59664
160 1.66904
161 1.62229
162 1.64671
163 1.87323
164 1.69476
165 1.64101
166 1.59467
167 1.82334
168 1.51636
169 1.80267
170 1.58041
171 1.71
172 1.58875
173 1.7792
174 1.6539
175 1.83846
176 1.69067
177 1.81687
178 1.76098
179 1.78507
180 1.70948
181 1.77038
182 1.69091
183 1.62159
184 1.83047
185 1.6606
186 1.39637
187 1.59524
188 1.80151
189 1.7004
190 1.68486
191 1.64787
192 1.59826
193 1.75733
194 1.78602
195 1.61834
196 1.69129
197 1.9531
198 1.67517
199 1.70597
200 1.55078
201 1.50923
202 1.66174
203 1.78732
204 1.84084
205 1.92375
206 1.64035
207 1.66471
208 1.54856
209 1.70347
210 1.66528
211 1.41156
212 1.5075
213 1.81441
214 1.87081
215 1.94421
216 1.63521
217 1.74787
218 1.52249
219 1.78674
220 2.01378
221 1.59243
222 1.88091
223 1.6877
224 1.46193
225 1.88521
226 1.72627
227 1.63899
228 1.91444
229 1.66829
230 1.5603
231 1.73776
232 1.70805
233 1.73484
234 1.66738
235 1.92235
236 1.76863
237 1.62976
238 1.85287
239 1.73413
240 1.58685
241 1.75821
242 1.72343
243 1.76586
244 1.67233
245 1.86486
246 1.76374
247 1.59315
248 1.79011
249 1.70818
250 2.07937
251 1.88218
252 1.66321
253 1.80013
254 1.92246
255 1.76479
256 1.6283
257 1.71832
258 1.70754
259 1.80233
260 1.91504
261 1.6554
262 1.82152
263 1.77044
264 1.70968
265 1.73416
266 1.6619
267 1.83236
268 1.66792
269 1.70227
270 1.76262
271 1.42031
272 1.82088
273 1.88011
274 1.92676
275 2.04632
276 1.74305
277 1.77646
278 1.74445
279 1.87705
280 1.69208
281 1.88397
282 1.76379
283 1.58569
284 1.39727
285 1.69521
286 1.74678
287 1.84825
288 1.85507
289 1.71661
290 1.68311
291 1.84916
292 1.58915
293 1.52721
294 1.89373
295 2.07288
296 1.95174
297 1.82411
298 1.99506
299 1.79565
300 1.74067
301 1.56505
302 1.7316
303 1.79015
304 1.68921
305 1.97753
306 2.06824
307 1.81211
308 1.87691
309 1.74789
310 1.65172
311 1.84958
312 1.82666
313 1.80277
314 1.73517
315 1.7999
316 1.84425
317 1.81287
318 1.88338
319 1.97002
320 1.83379
321 1.66646
322 1.77818
323 1.98433
324 1.74517
325 1.64512
326 1.83409
327 1.74297
328 1.79069
329 1.77893
330 1.78594
331 1.83336
332 1.79278
333 1.80845
334 1.81443
335 1.9766
336 1.92986
337 1.69147
338 2.01443
339 1.8312
340 1.69407
341 1.96807
342 1.87639
343 1.74495
344 1.77234
345 1.92467
346 1.78949
347 1.88879
348 2.16943
349 1.86644
350 1.87564
351 1.91973
352 2.07725
353 1.77223
354 1.73455
355 1.85588
356 2.03659
357 1.75502
358 2.05932
359 1.90125
360 1.87209
361 1.83328
362 1.94436
363 1.77092
364 1.79497
365 1.72198
366 1.92477
367 1.83446
368 1.89637
369 1.81164
370 1.79968
371 1.93046
372 1.93288
373 1.84034
374 1.73598
375 2.09169
376 1.79319
377 1.9167
378 1.81715
379 1.87842
380 1.97441
381 1.95202
382 1.68516
383 1.94566
384 2.09118
385 1.82036
386 1.959
387 1.92425
388 1.86134
389 1.9895
390 1.88131
391 1.88043
392 1.81905
393 1.70661
394 1.97583
395 1.83931
396 1.93591
397 2.02589
398 1.8028
399 1.70566
400 1.86591
401 1.71349
402 1.93822
403 1.7394
404 1.60719
405 1.83185
406 2.06507
407 1.8231
408 1.74953
409 1.7449
410 2.00378
411 1.99635
412 1.7984
413 1.82552
414 1.99603
415 2.12113
416 1.62696
417 1.77664
418 1.73315
419 1.8374
420 1.73767
421 2.06138
422 2.01855
423 1.87093
424 1.85959
425 1.66462
426 1.76212
427 1.93567
428 1.84244
429 1.79903
430 2.05822
431 1.94875
432 1.71823
433 1.81143
434 1.92387
435 1.89676
436 1.81468
437 1.85613
438 2.10619
439 1.90118
440 1.99777
441 1.74375
442 2.0072
443 2.00195
444 1.58287
445 1.82363
446 1.72089
447 1.81112
448 1.65745
449 1.7533
450 1.78153
451 1.76621
452 1.90797
453 2.08104
454 1.75989
455 1.75511
456 1.86338
457 1.55823
458 1.68678
459 1.99677
460 1.99373
461 1.86421
462 1.84071
463 1.5656
464 1.85286
465 1.9191
466 1.72989
467 1.76805
468 2.04034
469 1.65681
470 1.78575
471 1.92601
472 1.7905
473 1.5824
474 1.79508
475 2.03405
476 2.0565
477 1.78228
478 1.64646
479 1.85224
480 1.86309
481 1.79012
482 1.79681
483 1.80163
484 1.93715
485 1.79463
486 1.60667
487 1.89862
488 1.82396
489 1.91667
490 2.01859
491 1.91033
492 1.77224
493 1.83166
494 1.94018
495 2.0315
496 1.75565
497 1.81402
498 1.8638
499 2.0429
500 1.82159
501 1.8598
502 1.76922
503 1.84077
504 1.82718
505 1.88006
506 2.10874
507 1.97055
508 2.01995
509 1.70545
510 1.87574
511 2.02486
512 1.89749
513 1.70188
514 1.83122
515 1.6377
516 1.96898
517 1.72312
518 1.77758
519 1.82407
520 1.70039
521 2.02106
522 1.81681
523 1.80467
524 1.825
525 1.74859
526 1.91588
527 2.06091
528 1.75615
529 1.8458
530 1.81392
531 2.00287
532 1.77651
533 1.6968
534 1.9162
535 1.68767
536 1.96269
537 1.82746
538 1.85571
539 1.83248
540 1.79805
541 1.88922
542 1.65446
543 1.84528
544 1.76289
545 1.99419
546 1.92791
547 1.83623
548 1.93714
549 1.98052
550 1.81149
551 1.86302
552 1.85228
553 1.99491
554 1.86471
555 1.8254
556 1.75125
557 2.09139
558 1.86981
559 1.54468
560 1.82448
561 1.89641
562 1.97246
563 1.967
564 1.77336
565 1.95375
566 1.84691
567 1.8674
568 2.08703
569 1.9192
570 1.68019
571 1.90045
572 1.65869
573 1.88229
574 1.61488
575 2.08341
576 1.76141
577 1.92808
578 1.92983
579 2.02302
580 1.96947
581 1.87823
582 1.66257
583 1.93193
584 1.78234
585 1.67794
586 1.79538
587 2.02611
588 1.71101
589 1.92126
590 2.01926
591 1.87431
592 2.0835
593 1.79593
594 1.95447
595 2.03573
596 1.86726
597 1.67871
598 1.91743
599 1.7132
600 2.01082
601 1.71093
602 1.64456
603 1.69461
604 1.60305
605 1.99155
606 1.84029
607 1.93091
608 1.84455
609 1.76378
610 1.81668
611 1.67938
612 1.76236
613 1.8874
614 1.91006
615 1.78861
616 1.84857
617 1.68932
618 1.79222
619 2.04741
620 1.76811
621 1.83719
622 1.90455
623 1.87338
624 1.95997
625 2.0412
626 1.71936
627 1.80963
628 1.81837
629 1.80144
630 1.96923
631 2.0651
632 1.85473
633 1.81548
634 1.84672
635 1.83908
636 1.87016
637 1.91808
638 1.69931
639 1.95788
640 1.77581
641 1.89662
642 1.80915
643 1.72696
644 1.90201
645 1.75003
646 2.01135
647 1.9875
648 2.09741
649 1.7844
650 1.73571
651 1.63238
652 2.09972
653 1.98595
654 1.85173
655 2.071
656 1.84068
657 2.0156
658 1.9261
659 1.94098
660 1.8918
661 1.72989
662 1.76759
663 1.82038
664 1.68347
665 1.78918
666 1.86393
667 1.73179
668 1.97684
669 1.74749
670 1.82098
671 1.91424
672 2.02259
673 1.95195
674 1.85742
675 2.06896
676 1.85484
677 2.05731
678 2.04354
679 1.68006
680 1.90667
681 1.84518
682 1.95396
683 2.08401
684 1.8942
685 1.9169
686 1.86209
687 1.9032
688 1.5407
689 1.97218
690 1.91897
691 2.00764
692 1.86414
693 1.98109
694 1.85869
695 1.67937
696 1.69497
697 1.82027
698 2.08632
699 2.04635
700 1.94379
701 2.03663
702 1.8413
703 1.83386
704 1.90606
705 2.04939
706 1.88733
707 1.92603
708 2.01618
709 1.86078
710 1.83825
711 1.73826
712 1.95083
713 1.75779
714 1.79884
715 1.57944
716 1.86234
717 1.91223
718 1.93613
719 1.92228
720 1.92325
721 1.95037
722 2.04533
723 1.66341
724 1.76654
725 1.74587
726 2.13725
727 1.93166
728 1.91698
729 2.04248
730 1.73288
731 2.01032
732 1.95241
733 1.94855
734 2.02463
735 1.74089
736 1.88065
737 1.90063
738 1.65677
739 1.98738
740 1.87202
741 1.7667
742 2.01173
743 2.04679
744 1.68719
745 2.20047
746 1.95928
747 1.78108
748 1.91374
749 1.85327
750 1.83008
751 1.74315
752 1.85104
753 1.68899
754 1.78123
755 1.7663
756 2.08265
757 1.77185
758 1.99883
759 1.89488
760 1.95914
761 1.98518
762 1.8567
763 1.74739
764 1.86961
765 1.88225
766 1.85397
767 1.84088
768 2.12829
769 1.7971
770 1.93305
771 1.91849
772 1.85479
773 1.86337
774 1.83279
775 1.813
776 1.9422
777 1.78938
778 1.72789
779 1.91841
780 2.03972
781 1.89315
782 1.89289
783 2.05396
784 1.99113
785 1.84529
786 1.73871
787 1.94015
788 1.76381
789 1.83699
790 1.9741
791 1.82794
792 1.9844
793 2.07954
794 1.87438
795 1.70237
796 1.82238
797 2.12912
798 1.61918
799 1.67223
800 1.97873
801 1.66244
802 1.81463
803 2.13293
804 1.98686
805 1.96439
806 1.79387
807 1.97791
808 1.98146
809 1.8468
810 1.77053
811 1.93155
812 1.6724
813 1.82426
814 1.67685
815 1.86548
816 1.67325
817 1.70279
818 1.84764
819 1.93953
820 2.01125
821 1.89287
822 1.5791
823 1.98443
824 1.79397
825 1.87366
826 1.81003
827 1.7031
828 1.92216
829 1.88265
830 1.98334
831 1.85561
832 1.83902
833 1.74542
834 1.74187
835 2.01949
836 1.73723
837 1.92571
838 1.84919
839 1.97221
840 2.08849
841 1.68369
842 1.9044
843 1.82796
844 2.03929
845 1.8516
846 2.04271
847 1.78166
848 1.98351
849 1.83926
850 1.76113
851 2.08826
852 1.81516
853 1.79669
854 1.90966
855 1.90359
856 1.97643
857 1.6867
858 1.97824
859 1.94347
860 1.71558
861 1.6294
862 2.12161
863 2.0301
864 1.64689
865 1.85961
866 1.81849
867 1.90846
868 1.91004
869 1.7518
870 1.86826
871 1.81316
872 2.08361
873 2.28444
874 1.58504
875 1.94062
876 1.79606
877 1.8899
878 1.90058
879 1.96771
880 1.93996
881 1.95013
882 1.81441
883 1.86759
884 1.93997
885 2.02206
886 1.73136
887 1.82818
888 1.78177
889 1.83907
890 2.05926
891 1.77584
892 2.08694
893 1.82503
894 1.72123
895 2.08882
896 1.922
897 1.90767
898 1.89885
899 1.8564
900 1.82695
901 1.69574
902 2.00207
903 2.01679
904 1.87603
905 2.03648
906 1.9903
907 1.92825
908 1.78284
909 1.90404
910 2.12874
911 1.94969
912 1.78046
913 2.00094
914 2.0145
915 1.72743
916 2.01142
917 1.86709
918 1.94902
919 1.84398
920 1.74156
921 1.63037
922 1.80105
923 1.99614
924 1.90837
925 1.92452
926 1.97064
927 1.85623
928 2.00726
929 1.8318
930 1.84933
931 1.71916
932 2.01439
933 1.8746
934 1.98747
935 1.88843
936 2.15446
937 1.83936
938 1.75913
939 1.76795
940 1.95508
941 1.81891
942 1.78074
943 2.02313
944 1.73393
945 2.02526
946 1.92425
947 1.93625
948 1.77328
949 1.68963
950 1.89874
951 1.82006
952 2.08593
953 2.13134
954 1.82326
955 1.82186
956 1.83885
957 2.05018
958 1.9282
959 1.94351
960 1.80474
961 1.89303
962 1.80575
963 1.78526
964 1.94316
965 1.76003
966 2.11903
967 1.87019
968 1.96326
969 1.99596
970 2.0306
971 1.71679
972 1.83291
973 1.8562
974 1.81038
975 1.91974
976 1.91048
977 1.80218
978 2.0288
979 1.81835
980 1.88595
981 2.07144
982 1.94661
983 1.82963
984 1.85852
985 1.71429
986 1.9384
987 1.9075
988 2.04958
989 1.85884
990 1.79415
991 1.79028
992 1.74914
993 1.72624
994 1.92905
995 2.025
996 2.06583
997 1.86071
998 1.80069
999 1.9588
