1000 0.374203
1010 0.775063
1020 0.4467
1030 0.470143
1040 0.543979
1050 0.670712
1060 0.454317
1070 0.484447
1080 0.555783
1090 0.642155
1100 0.780537
1110 0.76661
1120 0.764037
1130 0.680387
1140 0.67528
1150 0.635333
1160 0.791406
1170 0.806824
1180 0.899174
1190 0.443068
1200 0.615378
1210 0.724721
1220 0.684659
1230 0.610571
1240 0.785312
1250 0.932096
1260 0.917947
1270 0.937296
1280 0.984464
1290 0.800773
1300 0.881007
1310 0.707361
1320 0.858704
1330 0.937866
1340 0.786405
1350 0.781775
1360 0.99575
1370 0.902133
1380 1.00134
1390 0.796318
1400 0.899521
1410 0.915761
1420 0.90051
1430 0.877225
1440 0.94865
1450 0.82263
1460 1.0365
1470 1.0468
1480 0.726231
1490 1.09921
