0 0
1 -0.670928
2 0.381015
3 0.0346714
4 -0.678575
5 0.859194
6 0.598012
7 -0.17912
8 -0.596037
9 1.47023
10 -0.285022
11 -0.939388
12 0.342191
13 0.0912893
14 -0.753146
15 0.494011
16 0.647501
17 -0.0857061
18 -0.249955
19 0.925139
20 0.332695
21 0.578055
22 0.565041
23 0.55386
24 0.790013
25 0.692
26 0.684784
27 0.717106
28 0.902552
29 0.850373
30 0.785695
31 0.756774
32 0.737383
33 0.665177
34 0.778857
35 0.425959
36 0.82796
37 0.762205
38 0.445602
39 0.792012
40 0.908714
41 0.931555
42 0.916407
43 0.649962
44 0.974554
45 0.879947
46 0.993474
47 0.832995
48 1.09942
49 1.09077
50 0.983214
51 0.979696
52 0.836511
53 1.08791
54 0.835047
55 1.03304
56 0.837772
57 0.778996
58 1.0148
59 0.819424
60 0.471242
61 0.651109
62 1.10906
63 1.00427
64 0.880347
65 0.675321
66 1.09264
67 1.02943
68 0.650254
69 0.961983
70 0.734954
71 1.12273
72 0.762322
73 0.963324
74 0.922267
75 0.782912
76 1.09686
77 1.08814
78 0.882036
79 0.96445
80 1.01772
81 0.905196
82 0.815234
83 1.08558
84 1.04839
85 1.1469
86 1.01698
87 0.887029
88 1.00956
89 1.12358
90 0.961944
91 1.22684
92 1.06757
93 0.955343
94 1.20569
95 1.3566
96 0.96059
97 1.20866
98 0.888068
99 1.12346
