1000 0.826204
1010 0.714749
1020 0.621418
1030 0.700697
1040 0.402925
1050 0.546488
1060 0.672118
1070 0.766271
1080 0.80162
1090 0.623673
1100 0.564541
1110 0.820907
1120 0.72318
1130 0.614685
1140 0.675263
1150 0.666051
1160 0.812439
1170 0.615432
1180 0.560583
1190 0.769761
1200 0.579783
1210 0.499338
1220 0.452889
1230 0.597644
1240 0.485014
1250 0.51882
1260 0.572968
1270 0.521788
1280 0.801854
1290 0.800297
1300 0.71792
1310 0.608392
1320 0.720416
1330 0.928105
1340 0.77997
1350 0.666414
1360 0.578823
1370 0.525859
1380 0.642025
1390 0.562114
1400 0.464146
1410 0.46737
1420 0.665653
1430 0.710181
1440 0.393405
1450 0.761568
1460 0.912054
1470 0.634764
1480 0.515027
1490 0.679732
