0 0
50 0.250991
100 0.29999
150 0.362149
200 0.419483
250 0.480144
300 0.513709
350 0.55355
400 0.554131
450 0.593316
500 0.629767
550 0.623248
600 0.664064
650 0.698156
700 0.720927
750 0.731935
800 0.735879
850 0.759386
900 0.724671
950 0.782176
1000 0.741301
1050 0.824649
1100 0.775762
1150 0.812037
1200 0.849834
1250 0.838764
1300 0.868241
1350 0.81925
1400 0.868048
1450 0.913426
1500 0.907677
1550 0.883329
1600 0.90019
1650 0.863156
1700 0.915053
1750 0.95367
1800 0.95163
1850 0.92755
1900 0.904463
1950 0.927625
