0 0
50 0.460593
100 0.543898
150 0.507804
200 0.568889
250 0.52502
300 0.509101
350 0.531843
400 0.53254
450 0.546245
500 0.523025
550 0.548074
600 0.531911
650 0.518082
700 0.57461
750 0.513793
800 0.585182
850 0.554582
900 0.572507
950 0.505177
1000 0.585931
1050 0.537744
1100 0.588785
1150 0.569373
1200 0.530364
1250 0.588967
1300 0.555527
1350 0.582075
1400 0.55571
1450 0.508047
1500 0.519875
1550 0.529448
1600 0.637856
1650 0.566502
1700 0.523071
1750 0.530331
1800 0.496077
1850 0.578715
1900 0.605906
1950 0.534661
