0 0
50 0.270283
100 0.327428
150 0.380529
200 0.43827
250 0.463788
300 0.51965
350 0.549928
400 0.549783
450 0.577435
500 0.606245
550 0.642885
600 0.653972
650 0.649535
700 0.663139
750 0.709556
800 0.724156
850 0.750936
900 0.693154
950 0.766969
1000 0.714709
1050 0.78244
1100 0.724577
1150 0.786115
1200 0.802273
1250 0.826869
1300 0.84522
1350 0.829944
1400 0.858743
1450 0.858653
1500 0.844975
1550 0.888193
1600 0.867735
1650 0.867065
1700 0.875133
1750 0.898867
1800 0.935227
1850 0.9079
1900 0.87747
1950 0.92298
