0 0
50 0.48965
100 0.553278
150 0.530009
200 0.569127
250 0.550657
300 0.51474
350 0.540259
400 0.518313
450 0.554765
500 0.551511
550 0.560892
600 0.537165
650 0.486721
700 0.558342
750 0.509139
800 0.553278
850 0.557159
900 0.557648
950 0.51248
1000 0.562818
1050 0.558753
1100 0.585962
1150 0.5705
1200 0.567585
1250 0.551616
1300 0.565573
1350 0.575618
1400 0.54434
1450 0.526885
1500 0.503477
1550 0.534198
1600 0.608134
1650 0.560827
1700 0.522487
1750 0.520385
1800 0.511597
1850 0.539282
1900 0.580447
1950 0.559105
