0.0
0.16518459995746979
0.33711729402482404
0.7577406734687661
1.2588860828449597
1.8047082394737264
2.4110338242712386
2.8981211704264997
3.5457502176788944
4.199757730308383
4.876217826703066
5.4842831451789085
6.277779082361546
7.034076892974327
7.838114502425306
8.660737176317088
9.463672803643252
10.340100549865117
11.273386528452273
12.22328589904016
13.173808616221718
13.986639572334138
14.937663506965183
15.882573815909549
16.752918803696755
17.578579956498295
18.596354836648434
19.59963725182178
20.502062706359364
21.447984864877697
22.37767996778977
23.453908686444354
24.500014204337425
25.38093349226582
26.329528637939372
27.228606479043993
28.20186799392296
29.208490509562328
30.239005804049402
31.216673551514457
32.22796449670486
33.36454345290328
34.324942695275894
35.45468185087161
36.63963387484445
37.7518168913673
38.8736745454481
39.92354307657367
40.988680502683835
41.95235975552347
43.02571221477291
44.20205604728437
45.275118024072256
46.40036584860182
47.67523594841333
48.76826407890904
49.86815657020335
50.99716183668391
52.076408328921396
53.1734993875713
54.30813384173274
55.30576184602474
56.40243731396873
57.58002240467298
58.51053410779314
59.636520011473394
60.742157062292115
61.87263807120287
63.008790010782896
64.12141153506501
65.34021122103398
66.41796394750315
67.76820078878006
68.84470534956559
69.97596103552193
71.07498666838977
72.25875523352315
73.41494382672265
74.5257430529136
75.82856677561946
76.76084430046284
78.04739044642083
79.08029409631918
80.20738683725527
81.3565869294818
82.48597679959978
83.6020043938827
84.79625202003857
85.97722800033984
87.13761846883675
88.27899369319246
89.46749834506868
90.5603518542308
91.77059097537087
92.88031793413009
94.01479964796901
95.13152955177138
96.27340971061858
97.40602999407726
98.64096817097916
99.75360609041734
100.81100392031932
101.94301640384276
103.08207144927263
104.39569441364608
105.36006457456863
106.56450126291215
107.6591532237298
108.78553574367899
109.91142111966889
111.08349306316994
112.1108445683491
113.06471993591741
114.2662055423114
115.3534111975683
116.54555389735985
117.57563385765246
118.74940006273435
119.89143800958806
121.08179419260203
122.17098547823613
123.36581102556748
124.54321575131814
125.64469262837744
126.7894324887983
128.00732235845504
129.18914749655622
130.48579996187235
131.65591972397513
132.77779057340442
133.93780770299605
135.17402548930636
136.29150417784408
137.51598163511855
138.78342890746697
140.02923305180022
141.1964784064708
142.60170951856477
143.81432730118573
145.0754587150111
146.41012071454384
147.58670021357003
148.7728773326554
150.1144071705404
151.3288784984028
152.68911948924006
153.7946014712381
155.03730570068032
156.22953733061954
157.38182915960792
158.6273971424287
159.9482611722488
161.14505314104923
162.36161127741434
163.67943022136828
164.82245467452782
166.00794170176025
167.28120332575457
168.35801582815932
169.4842951670993
170.83854036426445
172.01495329569542
173.2846238866971
174.49425238787288
175.64833720727134
176.78493539138708
178.00206092739535
179.2468734521211
180.50125623087575
181.73401846213758
183.09163324501446
184.20592251016856
185.48354132028132
186.68024881604399
188.01529119493105
189.24726468977443
190.62141992142392
191.95128473281258
193.1841889195563
194.53533632369934
195.85863926458757
197.16991619235318
198.52413562101594
199.94076842563737
201.27174532064063
202.60637190455915
203.9480130070143
205.15430801361222
206.39279489149183
207.79230330701088
209.08119744898548
210.36420173900729
211.54970240240388
212.79503414726238
213.98842556964772
215.2798346343653
216.58154437925282
217.9146569042976
219.13810831975442
220.31966821483675
221.5893855770727
222.81703564196908
223.8049517340521
225.11803854963878
226.2712281064068
227.4685847073424
228.67017910190734
230.1548958314312
231.4287364904611
232.81740828351565
234.08230861637767
235.3547810432147
236.6814873920728
237.9217103542942
239.18841218784095
240.42114526511457
241.7754181095376
243.15008914911303
244.4934182815284
245.78296217562215
247.14511415449658
248.36968442052336
249.58765972701508
250.8954481356385
252.06113697020552
253.38252239149296
254.6755089610894
255.98302247959944
257.1691470948993
258.48586084405974
259.7703475240857
260.98093037418084
262.4068836857004
263.6414105364227
264.94825905275127
266.15730078563575
267.4983947500192
268.87222571261617
270.1633112719707
271.3765932937205
272.59707319605286
273.8250607567468
275.10227023902235
276.4033559364832
277.66226227662344
278.9908613894998
280.1033635254657
281.42536448062685
282.57502031374077
283.8578459076839
285.21451994967293
286.54435150946256
287.8473559865101
289.1903751361611
290.61173867475816
291.85194638106094
293.2106491833389
294.5577802548666
295.7973801979906
297.0524764584026
298.31132809363976
299.5467147130584
300.8578397260628
302.1354507932153
303.49808700786224
304.81694788119773
306.03704874738645
307.2977447710039
308.54914271790824
310.026562537349
311.32597088162316
312.664804569583
313.99084715620404
315.3445186903886
316.5104492347763
317.756405539394
318.98594935461136
320.1469253426912
321.48309439305575
322.8601059885944
324.21249985623655
325.4690882299803
326.7752305735763
328.2146442467621
329.58188936458225
330.77703781936884
332.0222123390754
333.2231253267024
334.4737049778674
335.8421750763091
337.02729353959705
338.2282287566388
339.3679849887495
340.4459386522949
341.74325862256217
343.0640923575538
344.36541491637826
345.6433770955149
346.86738811465057
348.23445708162546
349.452486583946
350.6881876520673
351.9438715386176
353.31462964722556
354.65800632957934
355.8769316677986
357.2334641201602
358.5908997207431
359.91810822847685
361.27390327458227
362.5992491824282
364.047578471514
365.43643379488134
366.80926560382153
368.05200397186775
369.4101801631148
370.7239366060688
372.1324413826833
373.4003825449049
374.70279862287344
375.98317647264423
377.24141649399377
378.51822497255995
379.81874790374786
381.18159778914514
382.5408265641874
383.842517544661
385.2181922049635
386.6707081659411
387.99658033476675
389.464152698227
390.68147156197756
392.1278564390643
393.52803876408166
394.8927585709883
396.2003975241106
397.61173245781833
398.97214785799235
400.41440832172015
401.82936588910866
403.02003865396716
404.3975458771612
405.75150123395383
407.1109252926667
408.29091075259475
409.42354030963776
410.8227182912896
412.2292590088216
413.7446784309241
415.0313491343401
416.43955045372104
417.7346756315801
419.05577437373
420.40748362849473
421.7123449469719
423.0412178254275
424.31570149671546
425.73557474332716
427.0028531079962
428.35477730708016
429.7737699583113
431.2185606796646
432.5844971181979
433.9212465365911
435.0725714941156
436.3596423570468
437.8037786700215
439.2867819404608
440.5993797788378
441.9811290789805
443.39609010002835
444.88706322019647
446.2782788158459
447.57626642667805
448.73618665489016
450.10745085542874
451.3461414924205
452.57203611616086
453.8903476263286
455.2257476438533
456.6040918713164
457.9129831973095
459.30345246261027
460.65277356625364
462.1110662666592
463.3190090512886
464.69167731567353
465.9708312647802
467.22819629170004
468.4782612021743
469.86628064529157
471.2552884466747
472.6222139580162
473.9079843587571
475.2643335812358
476.64993743547086
477.8341449957843
479.21180652806356
480.4536087673667
481.6141518290037
482.8638055022818
484.1479129150618
485.52091110529267
487.0021704026742
488.3151888683706
489.6533863109502
491.1176011527403
492.4051224775044
493.632511300796
495.1463372943542
496.5969236410816
497.97020510210217
499.2605741908272
500.5362564510071
501.7852537036102
503.10208424240517
504.6527981612276
506.17035162570266
507.4868066020546
508.6495457552904
509.9715217881488
511.3171162323267
512.5177739293623
513.8710967531408
515.1967052559071
516.5450642101309
517.8618638215913
519.1549966258611
520.5018153151658
521.6904768999877
523.1218527862535
524.4732596440579
525.7578146328298
526.9256152129188
528.1410327027515
529.4444011486156
530.7830359957966
532.0991628435876
533.4259372825132
534.81337249476
536.0297951048591
537.2858320646359
538.6057390033819
539.9438550183723
541.4468646286551
542.7477139215027
544.162959339119
545.4003517307943
546.7397014322988
548.1645898514341
549.4233917074815
550.9286607068669
552.2716531288117
553.6428383421546
554.9444161080094
556.0651804049401
557.3259396044729
558.680883710068
559.9718612565289
561.2210795682225
562.6667045037144
564.0348579041967
565.3552527896834
566.7478894981452
568.2227168375567
569.534862525148
570.988769327375
572.2910542881382
573.6885920697088
575.0128091234544
576.4442988562206
577.9297852934859
579.2440985988447
580.5230594677353
582.0202506746218
583.4715244051588
584.8613191588821
586.1821319009496
587.4949357723447
588.8044431523803
590.1059872090649
591.4921023460529
592.8775510303101
594.1433673153214
595.5292619523157
596.820092988045
598.18311902512
599.4024537018087
600.7690684053897
602.0788512309206
603.4521262656469
604.8518758653713
606.2399603232545
607.7075130409106
609.0172520187318
610.2765680811963
611.6161300231255
612.9446728992259
614.2124118255232
615.5859467731663
616.9972411940213
618.4835313970206
619.8387206274006
621.2170623596091
622.5131668643096
623.904449413344
625.4008870061424
626.6980905165786
628.1549165844631
629.5291992394134
630.8227405194157
631.9696484088231
633.3738898322514
634.7283539982338
636.1961471221882
637.6746068289478
639.0202066541997
640.3458746749601
641.9090210015478
643.3217796068651
644.6563672111731
646.0007310960433
647.3315440798293
648.6977676128504
650.1186832507474
651.5320983209264
652.9148719820291
654.2497753293158
655.4643069255541
656.8227682190438
658.2030033381828
659.5695115763144
661.0024614967027
662.4201221277098
663.5474197045922
664.7921581964624
666.2468823921317
667.5259631977887
668.8786297755471
670.0400988198141
671.3791361982607
672.7688987215741
674.1683398032031
675.5529958376405
676.9058964856961
678.3222173753297
679.6961426835303
681.0774344039866
682.5056845166354
683.8533924432103
685.2269629707353
686.5168834523668
687.9490291481476
689.1475877579669
690.3786462172814
691.7879292274121
693.2718901938977
694.4739587601624
695.7955199459301
697.2149532753965
698.5987424921203
699.9112219016728
701.165373717352
702.4768172038895
703.7819024056741
705.1504964898082
706.3957849464904
707.7311728447934
709.1849810009203
710.4840841026333
711.8985177640345
713.27458187991
714.5784398919956
715.6890265828205
716.8123925657187
718.1652376608002
719.4435664991175
720.7514244907613
721.9920807106837
723.4727103001105
724.7378449309596
726.0971798896156
727.2476615335439
728.7534325663978
730.0114173730108
731.4079907026963
732.7855082529637
734.0788248061311
735.4124707404421
736.8318237749717
738.1795555629026
739.6376631761594
740.8786097368519
742.184601815283
743.4922932092296
744.9163491162873
746.3521683509224
747.7283815303315
748.9287491903291
750.0557267862612
751.2994388050672
752.715324923035
754.11352834541
755.4278914339347
756.6759236566741
758.0790453281834
759.4692729570759
760.7736981451178
762.2122759514201
763.5261675427046
764.9276813821442
766.3981687553838
767.6891729813426
768.9753865924091
770.3479937790389
771.5365908289482
772.8578853117991
774.2617429660594
775.5995730823078
777.0390347666851
778.5258156419997
779.8174183013256
781.1273558955556
782.6233065156813
783.931287103087
785.3147714869552
786.7617843294053
788.2091642464309
789.4946625697295
790.8489919995473
792.2257301566389
793.5846279561644
794.9578944891838
796.2658916845547
797.7781973256922
799.1887601461453
800.4855302027883
801.9367442672198
803.2938792546732
804.6050929778391
805.9256744820922
807.3254616853155
808.6449888279373
810.0728357875187
811.558551669046
812.8777281800775
814.0934844355467
815.3455640964321
816.6888339939746
817.9605585572502
819.3370029046072
820.6528380388368
822.0243073174419
823.2714493699383
824.6383687995116
826.0878606504267
827.4912000090885
828.8211447227261
830.2754829006647
831.572888065227
833.0453652551786
834.4865708868663
835.8465382981302
837.23907908613
838.4775826509677
839.8488856096233
841.2047924531594
842.5948148605935
843.8141598616285
845.2808375833752
846.6009422253464
848.0053121748051
849.3724761089227
850.7095784475987
852.0991606096059
853.3981214432146
854.7514336739711
855.9887846379563
857.3420124855973
858.7627099021267
859.8944071927019
861.2393008346476
862.6156017307692
863.8627650233822
865.1822477859992
866.4631720433024
867.8748220091965
869.2360965983061
870.4857107128876
871.7762565814975
873.1266325570571
874.4249140064951
875.7462690216878
877.1679848347329
878.4934089339578
879.9290808164792
881.350606994312
882.8801087175497
884.2057319564751
885.4126741258325
886.667171199729
888.0412693728102
889.3688650058994
890.7186390192982
892.0548439335755
893.435472239663
894.8425264376808
896.3713659113247
897.7640647519855
898.9954828965572
900.3802819130519
901.7255657035033
903.1366968420539
904.6379912635416
906.1372471812449
907.4330491595042
908.9584060680967
910.2387368293207
911.578539090944
913.0186897644261
914.3781617223215
915.7269815990958
917.0795791486279
918.4120922363642
919.6405320523819
920.9159898756991
922.202357258107
923.4238910548228
924.8046569998388
926.2072359938412
927.4951624817865
928.7879467627125
930.2018497668869
931.8069103609087
933.2640902468283
934.659697589135
936.1433231702125
937.6630827757162
939.1887823205425
940.5518697901233
941.8450215772209
943.1139837083367
944.3776010375112
945.7538212637194
947.1421090407902
948.4430436305644
949.6181695207468
950.9523296792864
952.2124687300458
953.5084352423322
954.8941952624383
956.397294363589
957.9282269722316
959.2227732060118
960.5492476116983
961.9289270762381
963.3402005282102
964.6742599838838
966.039737090336
967.3905893679658
968.5497467469254
969.7852178673758
971.183286182549
972.5861260580866
973.9736106682901
975.4530366715151
976.8113875558828
978.1125069787507
979.3552333299972
980.6556136568212
981.9371149642718
983.3231498058453
984.7131615882247
986.1616684918241
987.5615035346409
988.8979219366541
990.2827259036051
991.6709850211745
993.1403974878707
994.5790461105328
995.8167439672783
997.1355075199498
998.424122920925
999.7653074321406
1001.1698558688963
1002.6327499124842
1003.7913077252658
1005.089851520726
1006.3179524456475
1007.7103842522539
1009.0801994434913
1010.3800331303369
1011.6579318901063
1012.9005286112107
1014.2937223341298
1015.5379156107612
1016.8364485502548
1018.1841663077508
1019.5471573900265
1021.0375802085109
1022.4928217412144
1023.9387580380002
1025.2426961274562
1026.710110686374
1028.1560061466007
1029.6972418514522
1030.977296411513
1032.406499427738
1033.6626651784425
1034.9373361901319
1036.307999946813
1037.6859595336903
1039.0642763703765
1040.274056227612
1041.6284962410484
1042.985372071367
1044.3201999074408
1045.6595060355899
1047.0270288542335
1048.5031602468944
1049.8753873091
1051.2714456820663
1052.6312553279272
1053.9888219367558
1055.371805633963
1056.6746724364787
1058.0336253994728
1059.508847007634
1060.924262891511
1062.259445518258
1063.543615974616
1065.007129597401
1066.348979797677
1067.660682381753
1068.8873281127187
1070.1911536769737
1071.5337771229172
1072.8094794838266
1074.1518262123197
1075.5670667647
1077.0389174740155
1078.547370878749
1079.8547261555184
1081.2870826915523
1082.7649390468632
1084.1375197834789
1085.6080885893537
1087.0092113200374
1088.2953616337904
1089.8195518716427
1091.2137565439925
1092.6718121660845
1093.9912510291192
1095.3686375878342
1096.6799851892079
1097.9532543037715
1099.2629902543747
1100.5638347811391
1101.9359765114375
1103.4269769736877
1104.810503999739
1105.9640389832523
1107.4047409538348
1108.801705511501
1110.197662952995
1111.4923811530196
1112.9531633085035
1114.1548813698382
1115.5153589816096
1116.785471183192
1118.1269046997913
1119.5998216923283
1120.9789845839593
1122.2388136253219
1123.5411434740984
1124.8369768611703
1126.2880034430277
1127.6122192532494
1128.9723463378423
1130.2876831557958
1131.6762352165604
1132.9669732468763
1134.3751393512614
1135.626914998535
1137.0334801788038
1138.5117138311055
1139.9792057562488
1141.328886902282
1142.6756020882492
1144.0052388991012
1145.3917850044945
1146.8207413856962
1148.1636914980327
1149.7140775710081
1151.071390020703
1152.3855455365913
1153.7310381550553
1155.141799334564
1156.472392468573
1157.9117841915222
1159.2731932893157
1160.54121566685
1161.9488751211632
1163.1303630009188
1164.6351892160767
1165.9426975988656
1167.2964961216833
1168.5130743869893
1169.8986510972843
1171.3314057908208
1172.718655668096
1174.1359818628514
1175.433677160655
1176.8037519723143
1178.044923255738
1179.364214323328
1180.6980534431787
1182.061998435112
1183.5187938625652
1184.782149154906
1186.1351108078445
1187.3580129183767
1188.8486093656927
1190.072039809135
1191.4178445020373
1192.950557707348
1194.2640248972593
1195.6635534848242
1196.9885338779618
1198.373964992587
1199.8001173999505
1201.1181040684492
1202.4402199063113
1203.9375335602522
1205.1810757495246
1206.4871816603486
1207.927352636269
1209.3284641416979
1210.6297023996058
1211.9771620923857
1213.3924457343287
1214.7235290655285
1216.0477598986924
1217.406343909071
1218.6819767169393
1220.1390498315175
1221.6086234950817
1223.04849442314
1224.4419187823132
1225.7694138540585
1226.9100982089553
1228.2002103634914
1229.549866663899
1230.8396006286557
1232.2713886581016
1233.6908620757008
1235.1053941854368
1236.559641390557
1237.9701622144817
1239.2546110237445
1240.6320815810363
1241.9455759986988
1243.306898857971
1244.678458923228
1246.1153541804906
1247.6791475238265
1249.0342906231951
1250.490025699768
1251.7337201978494
1253.1332133252165
1254.5074261237355
1255.922797027483
1257.3276889131596
1258.7557056338055
1260.0098970623433
1261.2480392794573
1262.5642352690609
1263.9206918705818
1265.2890458997917
1266.5490733159982
1267.978451158034
1269.2967669754282
1270.696600389079
1272.0119092319076
1273.2670583390532
1274.6224400744734
1275.9822223541346
1277.3551169679479
1278.783488373055
1280.1318824598218
1281.4793213759597
1282.7851660291049
1284.1523626687563
1285.6052109849093
1286.910150536251
1288.2289878811646
1289.5755940720346
1291.014650750027
1292.4545119780964
1293.7816789519316
