0.0
0.2814047394800973
0.7142948281774923
1.2665212523375953
1.8870749638311075
2.588740933657725
3.2896359080542745
4.063260410626063
4.8810672157950314
5.6928345678107375
6.53450345932281
7.3769496314431
8.266528124488008
9.170251778087907
10.07003243259648
11.03790955570969
11.982671220408307
12.907163478237798
13.893619485644296
14.839745629478012
15.77780717069426
16.756514863180325
17.683482324485173
18.642384605015266
19.592331165935803
20.55666725157242
21.531267367190438
22.520018576002922
23.489450529228858
24.465719559033786
25.45835964532688
26.464844289501585
27.475219737655603
28.47242590116017
29.502619305806395
30.497555132102676
31.500789657250237
32.50535212379561
33.516872857859106
34.511262188876614
35.50800800864273
36.47233026222533
37.47178246385871
38.44487408635512
39.44639513692235
40.44853580694965
41.456541584532935
42.47958868900533
43.49590481984006
44.54721539191389
45.55701970888432
46.57459545479588
47.60881848119113
48.64817703188124
49.67304440274668
50.68566275293747
51.71971586749293
52.74404966346824
53.75583405082379
54.764345816025866
55.80308077717425
56.80678300841312
57.815522151118586
58.863506761039986
59.89020800696264
60.889952474741115
61.90794750654696
62.956400349191334
63.98281021200022
65.0685207445951
66.08619786108885
67.0992704841338
68.10724245874124
69.14698130778257
70.17508654588117
71.1836223201178
72.18393942806888
73.20269237436621
74.18766737909868
75.20693685593227
76.26394670557683
77.25577991115927
78.28007502142569
79.33357021492662
80.37218934808513
81.39344152687305
82.40050182966507
83.41453398943267
84.45396709200173
85.4548182635798
86.4690344333585
87.48949991101536
88.48550816082688
89.53687029840236
90.57926765614094
91.60413203144863
92.61566371661561
93.62906518110721
94.65459264319652
95.6867804132016
96.72736254003685
97.71848840718472
98.70346366646875
99.73123288498651
100.7710932242941
101.78681127485105
102.81207336713153
103.85027449229638
104.92890996996357
105.93279258215622
106.94345015423367
107.94128037112927
108.98070146530033
110.01592116423707
111.07063938904672
112.14605054049781
113.16752735421619
114.19043473995161
115.15897876373371
116.18537465518895
117.23599659791121
118.26112087251823
119.30069524381497
120.34779685103216
121.38761322313759
122.4358975681513
123.43830233179965
124.44299131268579
125.47088335544116
126.53256796167474
127.55821215901169
128.57005595008343
129.57081287552663
130.61324414571217
131.6149143231594
132.64823738071672
133.68848798764603
134.68977020205867
135.7005210586899
136.76258154393713
137.8018085890726
138.81509943874724
139.82591087889497
140.8314246162782
141.85175779442173
142.9102232060996
143.97130795811756
144.9763711443563
146.0282279316633
147.06648117347572
148.11362187053814
149.1737201918219
150.2107795714674
151.20245788276947
152.19308148766183
153.2199240841524
154.22576568155347
155.24522200030341
156.27739419608722
157.31336695501722
158.37111531644138
159.34753562257603
160.35444840476822
161.3822227564859
162.4149965695003
163.45601255125172
164.50080644619285
165.53869009649603
166.5702418522026
167.62073573330926
168.6383936500261
169.65135523971273
170.67494932407885
171.71859932335371
172.74365305756476
173.7559251471935
174.79409441122374
175.8182395545473
176.85884917311935
177.89151730696685
178.8993716718884
179.9488786959469
180.97413138488383
182.02337435578212
183.05936040605945
184.08213021936737
185.0611296292485
186.12000960539834
187.13278006668324
188.200238486658
189.24599189639974
190.29098335552334
191.34224787752314
192.40761224468625
193.467693819335
194.48784521491248
195.49838677570153
196.53466185686824
197.57466215452195
198.56722331561198
199.61276390782385
200.65486973884325
201.68656943874132
202.71363804545317
203.764014187483
204.80818478407141
205.82906575254358
206.88231953017302
207.91887367674371
208.95307383076334
209.9958073016764
211.0497221848882
212.08746492252885
213.13863272925371
214.16513116791123
215.19107375047733
216.24538930603146
217.2625927729169
218.2953102892939
219.35806032068083
220.41151819515036
221.42747396450523
222.46704294203474
223.51306446639427
224.55931861429028
225.58527984674953
226.58992494157212
227.61443951249976
228.62207133910297
229.66294372693605
230.67520251022947
231.72015698285173
232.7518380184594
233.78827256949586
234.80625020562522
235.8513107261438
236.8863480023434
237.90375809961213
238.9298154521473
239.98865414129907
241.05189721595593
242.10669812496133
243.16439686374014
244.23634664409855
245.2395089838107
246.26677459945006
247.31559702842856
248.37350376476152
249.39691479786484
250.4709927679162
251.48867750714035
252.53567988675033
253.58036341304768
254.60160056445815
255.61614525040764
256.65321456448015
257.6710823637358
258.7211374836169
259.7338376132546
260.7836140546943
261.81776608711573
262.8390037336085
263.8620939810287
264.84407209288963
265.87009571819465
266.9095717716981
267.975375939469
269.05331079738244
270.10514018520576
271.1135054928343
272.12356771337585
273.1713723348851
274.1883397983886
275.22323436850473
276.27156181535753
277.3055267306
278.3267599610862
279.3407704129027
280.3761481019137
281.40997195307614
282.42611895766737
283.48458424501536
284.4637809190118
285.4941159527604
286.5493015811283
287.5954516492298
288.5967781138988
289.6171354088203
290.6667985020313
291.715535278146
292.7463213343259
293.7848931562556
294.78743599223924
295.81490302282396
296.8781940706081
297.9253757398229
298.92503261666116
299.9916750995523
301.0757272376992
302.12619125743055
303.15010087740933
304.19976403012936
305.25429319832256
306.29045366470405
307.323434331942
308.35362547194535
309.3852924461017
310.41960717206007
311.44308130368233
312.47042931310955
313.4845908417086
314.54734823041974
315.57757615060035
316.61014063577807
317.67459353824125
318.74608509613677
319.7611262523536
320.7906264757054
321.8219502511921
322.8460062508558
323.8790839748179
324.9515149452086
325.9914765948554
327.0107396960267
328.0235401711698
329.09588401861424
330.1308013501099
331.1290603621304
332.1828465836102
333.223540847128
334.2464079243037
335.2946173353485
336.2950615776427
337.33703512179005
338.33124495541085
339.4055014491454
340.4536091617624
341.53325740956967
342.5752829702981
343.60560170552327
344.64496171418733
345.6434474685178
346.7085309663824
347.7437571572202
348.77360648929084
349.8016180008476
350.8217405177522
351.876488581198
352.89442359683494
353.96030460944615
354.9983977485721
356.0449012009064
357.04257190099685
358.0934557276461
359.1273890649748
360.188762253867
361.2070661100128
362.2480406339162
363.2965173635112
364.35808855752225
365.431335337701
366.48433882733224
367.50695495675916
368.5648283220751
369.61956787628753
370.61520186916147
371.6235683604804
372.6256894920434
373.6553672446108
374.69318916843184
375.70872178005294
376.7297754103691
377.7780152567997
378.84342175223486
379.88633657000304
380.9260359510552
382.01567802632917
383.0512377117803
384.0479699070571
385.0836075912534
386.1325086758608
387.1946373499158
388.2157926671851
389.2679687358831
390.30860949120097
391.32786721683124
392.3461218713373
393.3819268766704
394.40627530815317
395.46934464246704
396.51231051368956
397.5783120434729
398.64903538751446
399.675133114911
400.7195317451839
401.81306731970005
402.8130522921592
403.87422387268043
404.9052187804167
405.9404477626658
406.96380590059806
408.05165239458177
409.0863466002975
410.1374794955047
411.14309054985756
412.1832463935284
413.2420828202517
414.2686521109314
415.2680765882625
416.3011835121464
417.30663445112185
418.4084464103229
419.45369734626047
420.4883325083147
421.52265244242886
422.5435839743513
423.5948266046675
424.6295615940528
425.6625906232478
426.7447280611861
427.76164313273097
428.77346428382174
429.8119512811481
430.86153949126094
431.94327309167863
432.99978192344287
434.0528749262566
435.036152842332
436.05187835530086
437.0847874532976
438.1563063111763
439.1711887015535
440.1919185711831
441.25993786685075
442.3055765904618
443.31003004738966
444.3582405071202
445.40182774291486
446.4191892274283
447.45479947735566
448.4837618759067
449.479732583264
450.4717957505954
451.52841003403927
452.53628773814825
453.5756671356047
454.63864757475864
455.65091026983606
456.6849817512091
457.7394860117863
458.7771915903108
459.7527900471917
460.78162573621086
461.8170744610083
462.84236341900015
463.8673351865499
464.9489724380982
466.0061176666795
467.02885041958825
468.0723973258729
469.08268245839855
470.13129226583055
471.1475005189712
472.19233887226574
473.25388236082796
474.33845197710434
475.3615029369611
476.39190142942084
477.4244399546544
478.47780919955335
479.55059612710613
480.59963695220864
481.62681731130925
482.6783721776545
483.71469760128804
484.7468039532755
485.76937908014156
486.7962486961737
487.8412666331923
488.86187934203133
489.8744377002165
490.87892832488154
491.9068743085383
492.9153999803275
493.9598261586435
495.0187972112932
496.0491492558174
497.04928243199544
498.1161009697511
499.1340410317168
500.1878239434299
501.23576680727666
502.2905353341287
503.31568265919765
504.3196929983002
505.35444403932684
506.3974284778125
507.4754869800705
508.4738135439903
509.5122289101174
510.58498431097803
511.62460763963526
512.6271889279799
513.6539403436665
514.6829639837903
515.7459260010706
516.8225707073709
517.874409331444
518.96193580908
519.9627528108581
520.9886417484385
522.0332000167448
523.0938243722603
524.1072684752157
525.132529817121
526.154833068144
527.2073891927605
528.218000481606
529.2824539308214
530.3113757956281
531.3220274125315
532.3921888927329
533.4618319100343
534.4991569121557
535.5133836008071
536.5638202580017
537.5861794198217
538.6424343817807
539.6569299559183
540.6826180246369
541.7070705226178
542.7140720270799
543.7555698427254
544.8157055420161
545.8234028106665
546.8727462041433
547.9225327209925
548.9375050105049
549.9905437222169
550.9941574381279
552.0268195258483
553.1046225516857
554.1261881650644
555.2076136065049
556.2664938627637
557.3386603024801
558.3814533903105
559.4467604789978
560.4630873031335
561.4884214660938
562.5176985280491
563.5586916857396
564.5827474330205
565.6416261214703
566.6924770768454
567.7214755823145
568.7439990194085
569.7903803873272
570.8273857900941
571.851430467873
572.88798657557
573.8697328035765
574.9457843430181
575.9746856248023
577.0257836861828
578.1081071158302
579.1364887780902
580.2048857635417
581.2417441760663
582.2918545039095
583.3262135476976
584.3265692440964
585.3680300432837
586.4038436726854
587.4415747501195
588.4575402037973
589.5088432833223
590.5204313314987
591.5814197761612
592.621858261887
593.6692673794582
594.7443829354231
595.8118963848108
596.8221135944211
597.8789469134047
598.9607236151978
599.9745602491981
601.0017851149878
602.0767234802828
603.1286766849902
604.1477851142354
605.1942590717888
606.2548061541053
607.312913902985
608.3597491123546
609.3731070116953
610.4184867758187
611.4805708921145
612.5135107888534
613.5381428547548
614.5694519177603
615.5936643156624
616.6297448316768
617.643589975094
618.7229854129786
619.7710395171937
620.820270706721
621.8698146690148
622.9141635492134
623.947161393177
624.9593288280485
626.021753664491
627.0111601923727
628.061962132077
629.0564618951537
630.1328869745429
631.1642576297398
632.18766186193
633.2440687120976
634.280792089477
635.3240554783123
636.3589804427077
637.393069670055
638.5070349205176
639.5324698452432
640.5872959975014
641.5836300040055
642.6013606016834
643.6426256593701
644.7108573090962
645.7350112956561
646.7392497216085
647.760208354897
648.8209398556025
649.8404892250405
650.9069330625642
651.9432672100784
652.9452133071384
653.9962670732634
654.9898023821489
656.0140506414218
657.0379625171751
658.0629298646896
659.1093321984927
660.1288567158393
661.1588575520018
662.1960106495104
663.1933814648926
664.2512712905504
665.2709380110043
666.3110911166974
667.314401552847
668.3442296614695
669.4069649950427
670.4815374761308
671.5156606760651
672.5685364196088
673.5938403127989
674.6465708452126
675.6932362611863
676.7298905388501
677.8139319120372
678.8732328893885
679.9035211219536
680.9419040345077
681.9358480937498
683.0311901079564
684.0379858837084
685.0441067009399
686.1257720912242
687.1569262881752
688.1904124993296
689.2267262484448
690.2423673757038
691.2966127934841
692.2970722889696
693.3051126412364
694.3379822425323
695.3603462076219
696.3524136371622
697.4061643117815
698.4641700918979
699.5050770941948
700.5313631372776
701.5805631328473
702.6229192062207
703.6437339699852
704.7010229370264
705.7399533492191
706.7754393536426
707.823172118483
708.8544884096351
709.8828381966891
710.9419139478084
711.9892461913618
713.0534406412938
714.1093342287934
715.1415350366806
716.1902112928808
717.2268280260486
718.2756707289275
719.3041647555762
720.3552578842399
721.387433038815
722.4229920905294
723.5174406251815
724.5730541901365
725.6295259015282
726.6660261346256
727.6896897350462
728.7204878767748
729.7507051089692
730.7646284860851
731.8075123799404
732.8408019791915
733.862055476427
734.9338254434678
735.9825778702811
737.0000161465524
737.996767222033
739.0258602297042
740.0449411428216
741.0859464440227
742.1285333071712
743.1646707416322
744.185953764963
745.2087747519548
746.2620737394088
747.3104541197973
748.3381691612374
749.3879619771624
750.4222014687128
751.4803387376578
752.5210416053158
753.5566991479977
754.5977093152893
755.6284220352724
756.6747133223876
757.6888637876854
758.7173673056899
759.7636140532161
760.7976615406964
761.8711708858077
762.8851990110961
763.8946471456919
764.9390509497484
765.973018034399
767.0053843429429
768.0228151536172
769.0501553001747
770.0588740119797
771.1171860430746
772.1411013071173
773.1540612010326
774.2205082470729
775.2400067028099
776.2689194335471
777.282416221168
778.3042661786878
779.3341605410642
780.3558521138077
781.3718090995579
782.3892635678782
783.415372185958
784.4730399390572
785.4363324042881
786.4958411003898
787.5352745125736
788.5235524638998
789.5489955260566
790.6061326064764
791.6170108383354
792.6369692032719
793.6750673216552
794.7221219402767
795.7653463429915
796.8312832139565
797.8793872194314
798.9203847935323
799.9671622103498
801.0351574728408
802.0616203508596
803.1263639430169
804.1860037519647
805.2014970182082
806.2466780730036
807.3083565880579
808.3138527080625
809.3796841431331
810.3928191876566
811.440160032246
812.4551544539848
813.4712042050413
814.4858682166945
815.474024615409
816.4969565628021
817.5354149868416
818.5828552719463
819.6354006301375
820.6634170541006
821.7145523815468
822.8054712219539
823.8361104089869
824.8879028353074
825.8728769446969
826.9172742500461
827.9478933455806
828.9650615525894
829.9941671307739
831.0514396307146
832.0931504869508
833.1644558365399
834.2273973621656
835.2979770693995
836.3316799819362
837.3802055988456
838.4521593164885
839.497702106185
840.5408925964956
841.5669987046253
842.6278149735754
843.6587341034418
844.6739808192272
845.6937259631418
846.7246878124627
847.7841620118596
848.8326517789827
849.8372549752579
850.8936273549174
851.9363803792951
852.9888237505975
853.9818140722035
855.0630937217716
856.0974735707586
857.1275312082539
858.182811335168
859.2092217113355
860.1973430105617
861.2304139060958
862.248222397858
863.3047696361648
864.3193852953585
865.3901145001776
866.4010200507619
867.4348445745477
868.4568615118037
869.4458644709841
870.4848917832221
871.5672199116153
872.6063492993046
873.6363358899118
874.6906454322244
875.7338838389933
876.7893033698255
877.7931517438419
878.8380630351122
879.8674151072556
880.8685654455608
881.8786003005974
882.949325463859
883.9682723598725
884.9944500925145
886.0681918588949
887.1173218758371
888.1708366851541
889.2081925905385
890.2284221835238
891.2263623157004
892.2327091687595
893.2850306175651
894.3137338681058
895.389778249096
896.4585163961193
897.4861519469233
898.5608289546464
899.5698852317593
900.59859380379
901.6337052526287
902.6661011347923
903.685716145158
904.6927776580766
905.7430350464667
906.7660470493311
907.790816620235
908.8078125481825
909.8406238765318
910.8492023355992
911.8917817154389
912.9573671606985
914.0010034657289
915.0250822707937
916.0283331931937
917.0554331301685
918.0993495633918
919.1450731046641
920.1904411901662
921.2451070076627
922.3038394110192
923.3386743881894
924.378498163032
925.4216361835624
926.4471113190535
927.514394177916
928.5467006073582
929.5818313462541
930.6173995908797
931.668448856611
932.7043307937294
933.7229585929634
934.7442104204501
935.7537521044042
936.8021845322843
937.8586785453617
938.9101812494235
939.9348887540773
940.9452727166832
941.951116461154
942.9590237738355
944.0078436060994
945.069232477175
946.0958748393164
947.1457718215005
948.2141269954865
949.2511745695513
950.3275016123688
951.4328667007853
952.4976459582595
953.5473121916305
954.5933952381297
955.6433548680537
956.6641305009741
957.66790636027
958.7361993151652
959.7405473968199
960.776953825442
961.8195076053062
962.8479354631802
963.858394868146
964.8764975377326
965.9304302046575
966.9914317719223
968.0202408114219
969.0865774199409
970.1434786877925
971.2051934993758
972.2319913013969
973.3373869929349
974.3774276420894
975.3872370953263
976.4339913174857
977.4388908665693
978.4756303666526
979.4920980191953
980.5337313985148
981.5758284414288
982.602599325735
983.5910790689818
984.6313246527579
985.679675795259
986.7147806321157
987.7729609967834
988.8111830787624
989.8483616914137
990.9050703377582
991.9483566239678
992.9639990665296
993.9908912223593
995.0446849555724
996.0874771355099
997.0969188039027
998.1557291309796
999.1546038343165
1000.1381494366823
1001.1845008368908
1002.235820669101
1003.288052891223
1004.3414824611863
1005.3653737122886
1006.3600772036643
1007.393947567095
1008.4399273017002
1009.4592414325665
1010.4794598691769
1011.5630765834817
1012.5984762585205
1013.6002303590062
1014.6272432754686
1015.6451688458311
1016.6660328559512
1017.7188807286399
1018.7559976612092
1019.791082561469
1020.8266596650526
1021.8834902402292
1022.8913530774955
1023.9096877031619
1024.9442807604767
1025.9433554113396
1026.961239618595
1028.0222968419025
