0.0
0.3061976856728658
0.752826327513568
1.3035845725730084
1.930698419758352
2.6177966426077277
3.368626094285526
4.139613111033704
4.972075799556299
5.845214818137979
6.699182381539814
7.558143457785109
8.437738030532369
9.413811972001065
10.342081221515569
11.273583263179018
12.209743017231654
13.160296187057638
14.10999727998392
15.092974310911142
16.08709009461545
17.11053119776123
18.09365124842895
19.087474465251262
20.02471368606153
20.986349897774232
21.989456902547463
22.944251565082993
23.91955477388508
24.939546461002735
25.908063022407053
26.889600740048483
27.89984321514594
28.893087779901684
29.920735019593746
30.905222290208346
31.920763385576745
32.93591908714534
33.988063025656146
34.99228091510778
35.99496868593688
36.98382905953376
37.97554306618463
38.961904627531865
39.98147521299889
41.016783673304005
42.052456407975455
43.10938357370211
44.09383155299603
45.08675530263636
46.09534543838271
47.126066572454825
48.16831601681293
49.20453695225123
50.26338111365661
51.25102363243534
52.3036405154833
53.35550794313763
54.36280613092115
55.36651837324658
56.38461805181161
57.37256334461007
58.41372890143949
59.41794161805701
60.41432152308884
61.42727241445059
62.46794719667903
63.471137034805466
64.50825498318335
65.55463868239049
66.55881720877318
67.54512061122578
68.55833445886718
69.6040660396386
70.64387766115412
71.69148511721318
72.72337947765794
73.78493382447961
74.84778925101217
75.88606955969134
76.91871812732597
77.91264425133419
78.93793007861292
79.96139439559555
81.02039098394671
82.03876742533959
83.09597050917833
84.14923088040375
85.20943621712286
86.25280689689178
87.3060436071225
88.36458797420025
89.42824753917598
90.45906448369992
91.50800472430754
92.5652587263581
93.63025937586205
94.70879869772705
95.74213741556285
96.79897331859094
97.88837343022993
98.9276692548285
99.99896909475152
101.0220669134567
102.05893287688264
103.07772473811804
104.13300076481953
105.1514405845241
106.21023470840751
107.29236455737366
108.34569379431652
109.42130428464519
110.50927819198544
111.57465661877492
112.61131162619063
113.64989178778687
114.69107985767067
115.77741531409774
116.80686286967831
117.86844478902209
118.92426743407061
119.98768183701505
121.0591301056529
122.08640420775333
123.13698559506733
124.2254144036588
125.30181698521187
126.35643387957992
127.40284918411758
128.46950838867468
129.57420305832966
130.61962977167448
131.71081608159218
132.7941077858378
133.866127041555
134.9366252539388
136.03621688726798
137.11081969661484
138.1451253123924
139.26098362194625
140.3096817911847
141.38182881719172
142.4475881183115
143.50499489730475
144.57828061730498
145.62643166444963
146.7306101369125
147.78622936781332
148.90800676518032
149.9662664540742
151.01839039199945
152.11654002301927
153.19758165202396
154.25869911708799
155.38533524766652
156.4666057219757
157.52005553299745
158.56497407228397
159.5639228134811
160.5844879590049
161.68237128649332
162.75909508603897
163.83451209217515
164.9363464927772
166.01606205070667
167.06584004345837
168.14992778893603
169.25710511467108
170.3314801997898
171.40980640914765
172.51089316629617
173.5982905371274
174.69091577965352
175.77300406990895
176.86408336077812
177.93342022139993
179.01265255588905
180.11700924271085
181.22900666758687
182.31105194596435
183.3687544492457
184.4777619872701
185.60625455890766
186.71448486996903
187.81939247622722
188.85963212573185
189.94741224399644
191.0394363335777
192.0981181315367
193.23677677127995
194.32970956460883
195.4418886566146
196.54909167670488
197.64104034926098
198.7372322875547
199.83958942347013
200.90680484175016
201.9978636086121
203.16356835310597
204.2601111084436
205.3897251766668
206.48432895835205
207.59008951320655
208.706802060033
209.78938968849187
210.90795506950815
211.96540917170006
213.09809302557022
214.1773644133685
215.29964951545696
216.34219729109878
217.44516221016957
218.61805836038022
219.75198827240675
220.83216273519622
221.98996674287997
223.0944077752976
224.19317049374993
225.29175966630729
226.36269722481012
227.49202551602252
228.5496482044992
229.64019578976666
230.767760600879
231.87976169854542
232.99915312675734
234.11866528695555
235.21189719416319
236.31427800372884
237.48027184955657
238.6282259513015
239.75426717964822
240.9216698966879
242.0689471946674
243.1612746085236
244.3257115414946
245.44476932035047
246.62446402996517
247.74251982481968
248.85610105038245
249.95699047385864
251.04929847342942
252.18804370209372
253.31009365349243
254.4447663621791
255.54601141651128
256.66520758351595
257.7925386112044
258.9198535432221
260.07897273862045
261.16014395668265
262.3171423012844
263.4314506839729
264.54798851276803
265.6714834154408
266.80611075229547
267.96746422301015
269.11679453968515
270.2735649562168
271.3999219232654
272.56656099752627
273.69035399841255
274.8028203341358
275.9228379867652
277.09440227425284
278.243810111039
279.3700290370887
280.48477282778197
281.6174839250333
282.7743255452637
283.92528459463324
285.1049780121107
286.246639216783
287.3777380598242
288.53087127167555
289.6665191299811
290.78527856017666
291.94706457541787
293.0946969387287
294.2014638967334
295.27873508819937
296.44371096170335
297.5867346343966
298.7560618258853
299.9274716636031
301.1072237047857
302.31222428419073
303.4722415138128
304.6380244004801
305.76054686724746
306.9100187739407
308.0668836491535
309.217131894962
310.3944827633809
311.53127329657235
312.6730667570408
313.7965684116083
314.9560383566798
316.1159360400718
317.27634011280344
318.4304959956657
319.56603329956425
320.72886855811606
321.87684829695957
323.04003579474323
324.1829094048416
325.3353933477041
326.4788441400511
327.5996008321852
328.72895945977945
329.8546723394333
330.98974263656135
332.1583789466999
333.307136015159
334.48769030942583
335.66176266439726
336.77719980411024
337.880661571964
339.02267458507544
340.191910455626
341.3574117957817
342.54203291606984
343.6913510545869
344.81559508730123
345.9705860172329
347.13238903548375
348.2704159438627
349.40228551198874
350.5722615324386
351.771433870277
352.90402062720534
354.0447645167283
355.1875451087164
356.33944254520793
357.4581491484422
358.58055944757285
359.7178176125595
360.85546138682156
362.03885118685906
363.1841459856206
364.3368926774827
365.50874741125955
366.6716444770729
367.8375431753335
369.02705533444936
370.1614030869154
371.29678945504804
372.51376771472104
373.70418519382974
374.8710608555423
376.06958829750704
377.2065835350877
378.39354976133
379.5708696060522
380.7530892376886
381.9423832956075
383.10584444759525
384.24631749996604
385.40249069839615
386.5800962945143
387.7470832774599
388.89506432397803
390.06263842526135
391.28447059556703
392.4634501729839
393.620741781955
394.83428222244515
396.0139027474605
397.1798435737689
398.29567688254593
399.4310704845965
400.5961885281919
401.76244911929217
402.94712727991106
404.0687048815136
405.2404275684983
406.4059461818084
407.584655373663
408.75682025198324
409.93438073641335
411.11132603138753
412.29840029812425
413.47263169987383
414.72966084779915
415.91216141319217
417.09314271373097
418.30135635933425
419.4819031972784
420.6795246579099
421.8693450594297
422.987445103984
424.1453096069598
425.32172102779634
426.52846073676716
427.7216024474044
428.90111491852446
430.0993919462959
431.32472133285677
432.5190597537888
433.7055466325469
434.86506230497446
436.0402981839178
437.2219752935581
438.41479935030475
439.6084818633202
440.8277774412442
442.0447870925061
443.23252437980057
444.4079294458997
445.6100846173871
446.76928854882027
447.9492403943435
449.13303061858244
450.2798080737212
451.4668451642243
452.62859539957304
453.7949813866786
454.95883749211697
456.1176508857207
457.2961115425657
458.51017175250774
459.70551712475844
460.9021468285214
462.06966528976733
463.275802176312
464.47930958597016
465.67703389868706
466.85490347781007
468.029713958832
469.1974750057724
470.4195890841567
471.6083246892218
472.8087415117538
474.0128424698901
475.2290177704932
476.4168421239956
477.625624409975
478.8025772837992
480.00916960970557
481.21127558747884
482.42782229227987
483.595253780865
484.8023208975931
485.996565806728
487.1853948049536
488.386006750444
489.6057841425262
490.80654776370085
491.9579072599719
493.1710208918385
494.4216243094555
495.6128994110236
496.7952065215546
498.0006566776911
499.2099583085318
500.40098711199886
501.6221748738239
502.8029021810885
504.0340362347964
505.226920618967
506.4113702820236
507.5959842554671
508.7903580662573
510.0408518946786
511.25514598821405
512.4287950680005
513.6118349217126
514.8001849386152
516.0367283231858
517.2613634654375
518.4765656766301
519.6731084113603
520.9131033058399
522.1330529285119
523.3520097988854
524.5521255401475
525.782254414409
527.0013031891615
528.2001480678355
529.4378684143448
530.6127502954935
531.7879236952739
533.036256666757
534.2308203838754
535.4486175510679
536.6488843221817
537.8590027014703
539.0719385225577
540.3061749621504
541.5513924491096
542.7709187927057
543.9836388375753
545.2178425891125
546.3934199487293
547.6096679928221
548.8215836989104
550.0324051721398
551.2423369740444
552.4647883320937
553.6870232897522
554.9269880937605
556.0876540281995
557.327549341186
558.5593490347111
559.7569722735293
560.9758484640644
562.1971017765285
563.3925370466608
564.6650660594775
565.9022079634178
567.1285445671738
568.3475790474384
569.5655297982277
570.7515862489657
571.9850346961825
573.1990022540981
574.4100026108721
575.6571957230849
576.8934865281824
578.1065989023955
579.2692297802993
580.5132495066073
581.7299049765685
582.9476199963968
584.1755012408001
585.4215623695595
586.6426481854719
587.8615607463398
589.0655418389088
590.2677776711416
591.5117475912141
592.7365197647355
593.9672712539538
595.1839131457119
596.3980828971995
597.625139529868
598.857077548283
600.0850183233129
601.2818764557423
602.4889630084267
603.6945797719623
604.9020827064478
606.166208346406
607.4160643640481
608.6149178058337
609.8214646981742
611.0662388290903
612.2878626154846
613.5214148079318
614.7809355517592
616.0236127219999
617.308769988177
618.5435386856548
619.785852982846
621.0442416005009
622.2906388000176
623.465492915733
624.6952104414987
625.9396018664457
627.1768157618911
628.3882743236001
629.6258085510234
630.8339605283245
632.0482303585138
633.2510347025263
634.4452640001676
635.6464873495414
636.9045226237447
638.1484406154588
639.3600797754534
640.6323947343707
641.828447933248
643.0745948212821
644.3402637582981
645.5530364769968
646.7704919417487
648.0092602309626
649.1913462210125
650.4356703258285
651.6676187396041
652.898721245132
654.1664614628934
655.4032374336424
656.6308799871587
657.9071812730501
659.1743108948925
660.3904653009733
661.600504632609
662.8061587844384
664.052853630331
665.2849988777136
666.5580511697198
667.7957672131114
669.021938664558
670.2401631002391
671.4603102056815
672.6847083864409
673.9662150097505
675.2356147604091
676.462518214321
677.6795394072537
678.9041241011396
680.164857313953
681.4066452891624
682.64907809277
683.8847847870483
685.1430565521349
686.3583837057539
687.6080025657348
688.8487530365616
690.1069712866307
691.3666170092305
692.6121846085836
693.9190043204856
695.0992585465486
696.3438237246198
697.6179787747324
698.8502557462307
700.0870132075319
701.3688153688913
702.6109768602755
703.8681411164863
705.0853720266624
706.3626817482226
707.6069719922332
708.8398685231971
710.0941375244455
711.3812074759513
712.6392321636556
713.8587293153219
715.1187502696854
716.3774289293829
717.6011460133543
718.8327880253355
720.0922959822104
721.3376854988969
722.5904434055093
723.8782916690384
725.1286220197339
726.3639808766098
727.6418133255445
728.9342616773191
730.1874571656472
731.420711483007
732.6533114224815
733.9123709036604
735.1768742039716
736.4092685737925
737.6989458061604
738.9412095111751
740.1929917739953
741.447856277819
742.6822088396793
743.9367958813368
745.2267894104656
746.4665235443935
747.720720333784
748.9708664470709
750.222513846469
751.4857629309108
752.78970275859
754.0355037388402
755.2920712535507
756.558097021117
757.8339172605296
759.0797897186812
760.3238014833465
761.5997784879563
762.8306590079889
764.0935516945801
765.3765197931374
766.6529521430809
767.914517097736
769.2173156143375
770.5387269917898
771.7480214459115
773.0384166605589
774.3135628463829
775.5822901460166
776.8822469062649
778.151159422156
779.43040039263
780.677031684215
781.9170173582742
783.1936248154606
784.4238526143539
785.6794892434135
786.9370574719752
788.1932265732513
789.4633864987807
790.7361747472225
792.0422033687831
793.3036944918143
794.594410954793
795.845684913491
797.0903105230224
798.3673553325533
799.6713460889105
800.9491135092013
802.2149615728042
803.4676417077054
804.7380212673396
806.0088585186545
807.2702069657114
808.5633928538886
809.816850243183
811.1185626147162
812.4065815035414
813.6529361951708
814.9551243525026
816.2362180286161
817.5080338039162
818.7861034940336
820.0442634873605
821.3334201675129
822.597171852249
823.8593292886316
825.1179488745661
826.3893431904715
827.6669883717788
828.9712760444688
830.2598802816361
831.5575304436326
832.813724958097
834.0815875387009
835.3439085890367
836.6258927603211
837.905925821231
839.2213754846183
840.481992052019
841.728993246335
843.0026316262775
844.2258517627246
845.5049532081467
846.7527549403112
847.9811429515541
849.246278605071
850.5462272279763
851.8301500239505
853.0962690562357
854.3867917495971
855.7066563347006
857.0160577680489
858.2998152059317
859.5811730335672
860.905150857004
862.164135114712
863.4370359087276
864.7576926073567
866.0759525476582
867.3794231508126
868.6567443175654
869.9345853966842
871.2272851061642
872.5211635777298
873.8156088440397
875.1103794443288
876.3830385304341
877.6713047258299
878.9379597681112
880.2522547504162
881.5544379233401
882.8276319920146
884.117123859714
885.380756318671
886.6640637604783
887.9223259143225
889.1711795686331
890.4941325232847
891.7755549661521
893.0469825481824
894.3134157251591
895.5911732980635
896.9069300704894
898.2191412334129
899.5359886275303
900.8219292101722
902.1032755624576
903.3686223005578
904.6379765707885
905.9674007993525
907.2660397626806
908.5197564234255
909.791738639638
911.0830421901738
912.3538842259089
913.6459633153805
914.9543122686401
916.2372944229135
917.4943677089007
918.789893968191
920.0713035183416
921.3595917220434
922.6485701646084
923.9561443249077
925.2666847917876
926.5603754454927
927.8032918149542
929.0737191826132
930.3581830162999
931.6420577081269
932.9538854661527
934.2473487891001
935.5121313553165
936.7906802790204
938.0994500150418
939.4064489435087
940.6583718487038
941.967821096652
943.2672097281586
944.5303769178284
945.8117819154255
947.1556555726776
948.4719040405597
949.7518356551086
951.0509481917093
952.3685269672782
953.6735316672963
955.0144099333025
956.2882799602987
957.540895804209
958.824437083204
960.0874857052225
961.3742019745663
962.6661666887854
963.9779815326044
965.3129330660124
966.5487858529402
967.8254418478856
969.1253909458932
970.3704251425122
971.6551898364736
972.9599718472068
974.2358724754232
975.5208850985267
976.8352128342779
978.1308362589292
979.4425677830162
980.7113209147966
981.9634828146443
983.2600584066528
984.5444321268341
985.8468014029361
987.1085890571266
988.3842791708078
989.6759791576721
990.9626913037339
992.2427688016488
993.5112925314007
994.8134417076782
996.1064297306656
997.3688810116987
998.6768452463185
999.9891071196653
1001.2765256288419
1002.6128402245033
1003.9098636754193
1005.2043092014803
1006.5109803937717
1007.801042291807
1009.1369958570895
1010.4941194193068
1011.7758487981466
1013.0469851830313
1014.3848963846859
1015.6210914490966
1016.9340151931638
1018.2683284514859
1019.5830500299895
1020.8679299269328
1022.1496621143738
1023.4131638878247
1024.7141428387113
1026.008298263334
1027.3345098304771
1028.595099995957
1029.8696216327066
1031.1856590182454
1032.4828510445482
1033.819977782107
1035.1505331938595
1036.4278135293332
1037.7367309383014
1039.007504732222
1040.3513790377658
1041.6403638001277
1042.9324127251652
1044.2216216606841
1045.5228003945676
1046.8270990368019
1048.153849312449
1049.4438367388257
1050.7262144104682
1052.0087233855743
1053.2977441289856
1054.6368884949168
1055.933386306537
1057.2208655814832
1058.5544232139741
1059.8665181510005
1061.171210600867
1062.4894291205387
1063.7727588855946
1065.0943248867393
1066.3858626613085
1067.6927142021004
1068.9950226515145
1070.2924331902454
1071.6068595156
1072.9275960961124
1074.2602790682683
1075.5362620887333
1076.8722686180804
1078.1911534551737
1079.5319852500113
1080.8532857016924
1082.1606726209038
1083.4744334276943
1084.7969288645577
1086.1134522082716
1087.426494469923
1088.702510786667
1090.027346454641
1091.3422617967599
1092.6606496558115
1093.9701955341982
1095.2565717279188
1096.5419546046776
1097.8732803140592
1099.1757785786217
1100.4691348047904
1101.781104362018
1103.067140703975
1104.3899532745486
1105.7018883679436
1106.9987964381157
1108.3395609186905
1109.6708496252847
1110.9578564883834
1112.25716413561
1113.554171084606
1114.8960847251583
1116.249023032945
1117.538009532703
1118.860977847183
1120.194180651156
1121.4884552594522
1122.7528830678834
1124.0875296234844
1125.3900902032306
1126.7219657313376
1128.0264325844812
1129.3440202390489
1130.670087943757
1131.9769294658092
1133.2810831794568
1134.638027195615
1135.9271321867545
1137.270019796816
1138.57726609702
1139.925078838601
1141.2316013878778
1142.550326966026
1143.8601471489794
1145.1855180073499
1146.4764685792989
1147.797596875525
1149.0960211057702
1150.390819451569
1151.7461574985073
1153.08791227456
1154.4012679152029
1155.717191964592
1157.0307868037385
1158.3484087176446
1159.6858692763456
1160.960545659272
1162.260119577562
1163.6120247034237
1164.9503384101033
1166.2592934042361
1167.5285293122006
1168.8308172607356
1170.168027576563
1171.4522176534228
1172.7740166298577
1174.0475665421318
1175.328530611502
1176.6807699016063
1178.0159131704372
1179.3229632114844
1180.6131995619892
1181.9279795719076
1183.2712822868332
1184.5997983433786
1185.893783758964
1187.2219882810248
1188.4977451924353
1189.806576951469
1191.1228910369591
