0.07547102778056564
0.32133659494522154
0.46705646386692146
0.5951539174410246
0.6257067966152796
0.6480459122230423
0.6378177443515757
0.8481472889371036
0.8420292131724721
0.8411417499989716
0.9511949861250583
0.8130118922104504
0.7527993621103675
1.0429484745344577
0.9716231309027107
0.9677305433349221
1.0588231716839394
0.8800697714143926
0.8851535690711491
0.9068191941355578
0.8316502157460965
0.9276262836842033
1.025618488483443
1.0938702010503054
0.7847661073057635
1.0470076283694967
0.9994108305341527
0.9230774279722281
0.919960438795469
0.9633444326679422
0.9954028238147182
0.8439099119432466
0.9998590696590991
0.9228122031165947
1.0817364027172651
0.9914671957567283
1.018468075145935
0.998541240000739
1.0136376896369332
0.9929994429913898
1.0144987941113357
0.9829356475671619
1.023013913289744
0.9733319853611008
1.0675137326592867
0.9519431895188271
1.1732413659366572
0.8728116967110569
1.0361665953396628
1.1623264967480835
1.1643427745040906
1.1001648775641626
1.042299495559445
1.0361114734034669
1.0728947150107782
1.058444632462493
1.0360479273504901
0.9818119970606504
1.0489646221796336
1.0595765391044931
1.0135608302273047
1.063257318987721
0.9976335910381019
1.0881458665159507
1.0647278226056434
0.9987576451833978
1.0713284546841055
0.9991003463608704
0.9468822274002698
1.1142589940323426
0.9653350611115954
1.0567423294708158
1.027371508981709
1.0511673680301794
1.050308809603124
1.0186596908129344
1.106967563704598
1.0148875979158847
1.1451874252208984
1.0846177122083422
0.9662972712996795
1.0769173163355554
0.8865116960316718
1.157024817221918
1.0084410444540155
1.0848281027006823
1.0557842296194078
1.1431035490532542
1.0283978668439437
1.0493899898595958
1.0182612745550377
1.0904696191050502
1.1152694776835494
1.076255325265813
1.0473048681933348
1.1208989262198417
1.0688882067611116
1.0729955879138053
1.155128630070163
1.0133030381181352
1.0874690827766986
1.074358780989672
0.9515262281745076
1.0605340581445355
1.044002482915838
0.9922664424562355
1.026367832047563
1.1257687180881932
1.1760175073735732
1.1086404159993017
1.1226180660584917
1.1252384568182572
1.0595968987429114
1.0749539752175725
1.0065179156333477
0.987782779600726
0.992967758484674
1.1790945453245432
1.1002750697497965
1.1519613123067165
1.010892563849445
1.021922756693137
1.057820749058024
1.1025960316909018
0.9701765794516402
0.9021634841570476
0.9877126822830846
1.043052428359149
1.0508862839780009
1.0814803838049298
1.207417828221501
1.1181984292767222
1.1262707890119519
1.1090869541462762
1.0827245291035503
1.2224776520310954
1.0486203872808362
1.15530464116431
1.051322825728223
1.142721792332089
1.053492907613063
1.1402473805424884
1.0521425363651473
1.119350024820104
1.0976974874005798
1.1593975274519264
0.9853885326222291
0.9580949030545028
1.1307563208988065
1.0493378799649486
1.0917871614867942
1.1456169328631607
1.130632852499219
0.9541181126319606
1.064861220030048
1.031290218840002
1.1118339953206429
1.1014687784341728
1.068640515941858
1.0944376798845576
1.0821236758254986
1.041102820295663
1.15109241944019
1.072394616345081
1.1356550230813007
1.0852158745593758
1.0910147229374574
1.2028491796679557
1.0358080307323276
1.0859193411273238
1.0531297671601354
1.0702341638887765
1.007630013952455
1.1632412901675688
1.0740822123866713
1.0724639655249941
0.9302948953828618
1.168647407817391
1.0910384566520528
1.077224695641355
1.037129000243885
1.00034580857268
1.0512884272805225
0.9996622623499575
1.028119827249341
1.1028366758684038
1.044587435350648
1.26589449215705
1.0256783374425662
1.071081004377668
1.1378484153496105
1.1281150028590599
1.1317804851410873
1.0481636738173379
1.1136628754495703
1.079037135864089
1.0835917363715675
1.112371387169193
1.1405837669254486
1.0836518085276912
1.055396199453602
1.2514893203405333
1.0687583754766197
1.0908398346323096
1.0011678733165716
1.2389408841493608
1.2601018934735897
1.1191644949389894
1.2134356835104196
1.0337982807208066
1.0705204999176015
0.9629528667607486
1.3111776477442632
1.209853014634442
1.1761212061084676
1.1221405376851081
1.0752176120790684
1.1000537422875094
1.1559126647800775
1.111142282528826
1.1282627198738544
1.045086338519058
1.0695963448279373
1.0947505917311604
1.095011578654964
1.0800501054353389
1.0285898251532752
1.116531791018926
1.2035341573459188
1.1774027603154198
1.1641638812780126
1.1054754063647771
1.0505553997560566
1.1563298066957997
1.1304362860345534
1.161956421745736
1.069412522345401
1.1243741179280404
1.0374942023360216
1.195534704985758
1.0436828443915482
1.11120599861591
1.102434197813832
1.0915822262068786
1.165421801325174
1.1247207322667159
1.2104383621182602
1.217051020757219
1.1018208259058984
1.091561507154683
1.1023091268881295
1.075696404894938
1.231616939842852
1.1028573072880117
1.0361772101304254
0.9220820089306202
1.062805854122198
1.141588004121022
1.1118833912505552
1.1500748515444577
1.2162680025197299
1.234918517838058
0.9993666180298187
1.1486868618076724
1.1461718018583562
0.9160786050119534
1.0506914825980316
1.0935037711271096
1.1227568349168182
1.1287279082416561
1.1227739463365929
1.1496826266891562
1.0849168368168478
1.1438110570980686
1.0363289029180514
1.083198440971083
1.210979819900859
1.1129331695817033
1.115350339894974
1.1717034742552586
1.2148683818233537
1.2216143343049766
1.0985400790370792
1.1109249712006268
1.1712540434137797
1.159935183317942
1.2028828595145236
1.1133089821005497
0.9902996219996161
1.142535669731144
1.333024273592715
1.1790634234829949
1.1688093272577913
1.1874945821626548
0.9847568224557602
1.2378096948549506
1.1168840088295864
1.1044997340386826
1.0964977306955597
1.147549313943513
1.1458818742950205
1.1602198813262015
1.1634546473650706
1.2289058741516883
1.0656379478490852
1.1653663177577804
1.1482690528051458
1.1462970444909815
1.0531988934553704
1.1531058406319767
1.215524452475834
0.9490866747513081
1.1156950923915854
1.233237796055679
1.2088261094662478
1.0066083327349036
1.1008249767396914
1.187347975321088
1.12942233572215
1.1279216769893567
1.1417351461570808
1.0719824649461902
1.0617275860433621
1.0457393057827251
1.1284162361240906
1.301487494251948
1.1285839387001317
1.00338553590954
1.2327932991779844
1.1662710613837826
1.2279719313025694
1.1287764721123323
1.2031419345644325
1.232902218358749
1.1455492174518516
1.2309640274431473
1.2674015188661858
1.2255087033855558
1.2810099658009129
1.1751507707906033
1.157392246419315
1.1650131374337578
1.1082348081885678
1.1074461368315616
1.1208928852986244
1.2187013573229044
1.1148722398361732
1.1425320432571968
1.1434629861725891
1.1063310472387218
1.190603646346623
1.1992564966295995
1.1448497582634327
1.2056408960917877
1.2281621736998471
1.093429867469068
1.1704658523842395
1.1172258571708178
1.2718203769478291
1.1711080617246354
1.236854864269631
1.1449744084552957
1.263298157003624
1.393487103998251
1.2230730961851572
1.3340661398538673
1.0887963213224983
1.1200839959109075
1.195168517791412
1.1126054814392636
1.203649791725926
1.206882706531768
1.133943307024182
1.1703574446828855
1.1618524198929732
1.2217653961375754
1.0169140770130118
1.042851633237999
1.1300048172229302
1.1658908236645722
1.1880369847751766
1.0810456045092363
1.1987452094129898
1.2108386411757013
1.0374867730342332
1.1021245919008364
1.1278594257272054
1.2938032420869008
1.146965081585387
1.2081996386023335
1.2126263200847363
1.234145912959078
1.2708547922307574
1.0382976544929534
1.1781450997586744
1.4070029493012526
1.2615083510149891
1.121104490430756
1.1702686609308481
1.242619173963467
1.2789217229679442
1.2266409432166723
1.115036404342988
1.1946916727658736
1.2120598116937074
1.1340841301402393
1.0901084740528388
1.2308208267802005
1.2223019503431352
1.1723593043081466
1.0390206599863983
1.321394509264231
1.1802953229250923
1.2527079276457318
1.30794194680679
1.3363185375364686
1.1560785914259404
1.205231311944516
1.1615473474109448
1.3635183004823737
1.2739812695061916
1.1822536053879373
1.2208904157106997
1.207333577926508
1.2103872172215977
1.1570841952600477
1.1416346214682631
1.4132163923442935
1.2156843268939292
1.1960805232853313
1.178385258108778
1.2815178768422013
1.1840051705298842
1.2092305104098755
1.2623692968647389
1.2085818667099595
1.2002770968321024
1.2261088700347176
1.1510041546960417
1.2015613778422165
1.2808692321670871
1.0793678086282306
1.2124681334349559
1.3623222797683403
1.0633830863380676
1.2110477041379564
1.2095239821677302
1.1223018650738814
1.2384971048040918
1.2082443332870354
1.1609560293270584
1.227635998691381
1.096134502487719
1.2418880198958748
1.2369653751655751
1.3364382767745302
1.1802746863543396
1.1037660824357112
1.2411035443703764
1.1126621401539452
1.312926122536166
1.3017727991605488
1.1004840116603296
1.3703573105877276
1.172038178491993
1.1381224346813594
1.3049728452036233
1.2465542677319696
1.0955720113885192
1.217741249048217
1.141264835566844
1.0667730330095657
1.2317918212727166
1.2025164982904686
1.167547978089525
1.198378036768406
1.1464170539978158
1.182005532204577
1.1257762218547573
1.1778812325200443
1.134377535333141
1.3844431259073784
1.2037137156831172
0.9492917937370434
1.2016961904290433
1.2302370300256031
1.2105584384730164
1.1393478957288714
1.213279794186208
1.1926248802058652
1.1433480477928808
1.2725810480096682
1.2038738901737331
1.1807649241759712
1.2267208072723896
1.2426288238432728
1.2933393436996885
1.1167926757945883
1.2325916957720138
1.4104692094360458
1.054779278817477
1.185667755826952
1.1443421493193364
1.265837515031544
1.0487910752732696
1.2255819206690786
1.271395547114655
1.182673557928321
1.1208667068622213
1.1420799270380615
1.3531095797229618
1.1361491270176345
1.2267668515928845
1.1736862309913507
1.2281477653937904
1.189015396491366
1.2583123765408957
1.138592084482206
1.3045396641300864
1.104869140453287
1.2603091479592317
1.1450711840915282
1.1603973641283447
1.2235805272531277
1.2644914725598646
1.2487893010922093
1.2248488408979363
1.226150551645852
1.141656257581724
1.2516698238939432
1.2749008774087498
1.3724396153034943
1.2543599843642341
1.0738680875923357
1.2241425578522667
1.3227486308547463
1.2529242381838863
1.2546263774066908
1.1745712726599493
1.129228886213221
1.2365936974647254
1.2433862876075066
1.120664165876054
1.3584247663601667
1.1654201468706331
1.22298531976316
1.2097459661593677
1.2200412787961725
1.1986340206217037
1.268740031704904
1.115804242182392
1.1884244461568332
1.2100028134103589
1.3218104450496873
1.2024635693319035
1.340086909448679
1.3532686804293101
1.3071685429052833
1.3061716946839266
1.1770171433896142
1.2458415955440996
1.218095796589658
1.1719887712096015
1.3913494518850689
1.161582028631228
1.2398661324581888
1.299236945673882
1.2529571057205673
1.1622333941557148
1.1381567434764361
1.328437954593004
1.237356802883148
1.2364826411852774
1.2613057680275597
1.327065232162849
1.2950251608323184
1.1805152996737174
1.3891969949388319
1.2433745155470564
1.209257361507639
1.2223496164659922
1.2609680436433992
1.2258296996605502
1.266687551498755
1.097077173843478
1.3829371817522111
1.2910983509777019
1.264206281116045
1.2537876663475984
1.2178822964574936
1.2178918166873451
1.2245987187998308
1.3142052932530421
1.1510094314524397
1.011057303973219
1.2709991865654178
1.230228647480647
1.1783185675057595
1.2469927273013626
1.3443404144777917
1.2260136361670542
1.167928896887295
1.2516539499572021
1.3212112477429514
1.2251271110605708
1.1591477437967297
1.2447658767251495
1.2189307357672496
1.1485364524354549
1.2069637377891602
1.2982599501409546
1.2479982070044797
1.2366215684273005
1.2846100585971798
1.0478286005218225
1.207185980870395
1.2463436679985125
1.297526022335905
1.1929782087044973
1.2681895072085647
1.153366475901056
1.1904303879883023
1.268831609545324
1.1276840093861298
1.2596601229100257
1.3133689648110758
1.1955288812341784
1.28223234053864
1.3144365127578304
1.3375894825103574
1.1934311437112153
1.2934006655486325
1.3759264004056406
1.2381596960541916
1.2618269272415081
1.1820991915929986
1.1895612548315133
1.1086425540982743
1.1755061459649607
1.2625434530809228
1.2265529167002862
1.182814775615761
1.2419454281863642
1.1985053168203226
1.2905742660603532
1.3371357207321444
1.302390110624751
1.1345106741433828
1.2421931906267558
1.3140754597008508
1.2135979052911512
1.2953654135895574
1.2321172012328796
1.237932701409913
1.2228618847676258
1.331347244074024
1.2192661419693447
1.2335487679670454
1.2782270415549228
1.1132127000182725
1.3193073631529852
1.300485015113595
1.2259042987656732
1.1901796509212326
1.2399760087536473
1.2247444819883253
1.2208891231807062
1.153928371255072
1.1796862392859517
1.2609107527656354
1.2185006479011302
1.1685405629540786
1.2215217251298458
1.2895740604499046
1.3423361904562368
1.26241303410132
1.299912882691079
1.2951404792071484
1.1760148625683917
1.2838681140546435
1.1389558113063127
1.2309023780712298
1.2814292936016651
1.132423418498765
1.181673288897592
1.2511099246212822
1.1308108318670498
1.2039940777054843
1.198618527654609
1.2902960375384667
1.2403255844940293
1.2429791953583116
1.3163504473961491
1.2281209908941053
1.218534365773483
1.2473992360580974
1.18833707670039
1.3695385562016138
1.218150026889538
1.289798480733436
1.1724272243204934
1.1315648998104588
1.2503871019528132
1.2540797743995902
1.3783301327309339
1.301884156071141
1.3522017586775272
1.2110187105106198
1.190769551590742
1.171688072868934
1.336301882665021
1.2157182389599048
1.323926981596891
1.3728389637101426
1.180805970997717
1.282934796762713
1.3761514764014002
1.1684658975554834
1.241270661698861
1.2581077097545714
1.4253276596262516
1.0981690860702216
1.2335379179842263
1.2921979784673185
1.189565986085655
1.2805359324612513
1.2197889332290826
1.2981767628884358
1.2960570863531917
1.285396266780426
1.1879584603215156
1.3815006341815912
1.223216732420529
1.2559943467040384
1.3226588241227806
1.2897189531012085
1.2764600774885053
1.2123094384090392
1.3236105581218025
1.2678724412270193
1.2459594016680131
1.2581805359797544
1.1954582867954535
1.1673060640560327
1.3013264769030046
1.2595357560173122
1.3658273054325103
1.2134676890417915
1.3034760199900672
1.327789917793205
1.4065894363668956
1.1631167778345135
1.345305558834923
1.3756313012323136
1.3553019510408462
1.3013461248625733
1.3830552268782996
1.2245835183633238
1.323996520725251
1.3239747221657971
1.3066520868953606
1.0806019922057817
1.3729582330527794
1.1925957102924458
1.4424917845111997
1.2955327908834058
1.3540310329525034
1.2619008368353557
1.3232205579917093
1.301336957615316
1.189980312980724
1.375248451031272
1.4067015367512328
1.3145642831660997
1.1899065453861124
1.3297250242728598
1.2916557338364014
1.3256836319954997
1.2191440945319645
1.1907233760811446
1.3283843996126172
1.321609658300714
1.2072413044962564
1.2931331683108638
1.2385269550821707
1.3000444912825384
1.3668135604597398
1.343771091209141
1.4513492547691351
1.307824903723479
1.2918369445979847
1.246593800289444
1.3802243709057338
1.255369190865235
1.3639866480990277
1.1730479479906155
1.161789406575683
1.3276898976228295
1.2922352269045139
1.1839335717250379
1.3383243179484492
1.3899774921795327
1.3719959403884865
1.291699783940949
1.328618793536231
1.2465719688620933
1.2418661844184684
1.2172050191011456
1.3160392408440285
1.291840393000589
1.210344971457833
1.4079375663236975
1.164762262295822
1.1882206969663487
1.3377006132168188
1.269107945400212
1.3878280348161705
1.373483101779731
1.2360867573797525
1.231040465949407
1.1701881035105326
1.3364781505702872
1.0812341533174223
1.3748161250106663
1.3036035663018497
1.24986587365239
1.2684745031604712
1.22316415100248
1.2447046011170666
1.1510631433919638
1.2251611013161023
1.2472663808009492
1.3638214913200561
1.3105736843612457
1.219160781062269
1.1711742005943817
1.2866187429323435
1.252073214849481
1.2932813397004248
1.2555398264949815
1.297609044145639
1.2811438017523182
1.2957535196549386
1.306953726041384
1.1803281836205526
1.2793421064865118
1.31992856997246
1.3938461536060542
1.3680864592138058
1.2278296346104904
1.2834224747281004
1.3111462473033044
1.2389837848607756
1.3606048970266371
1.2386479083437272
1.2055479282151838
1.3641845010139615
1.2991633892129497
1.371358390641302
1.1644112479562942
1.429647140605525
1.2417259769206417
1.2897474707522232
1.2626116008588155
1.431592594475838
1.3078118403435908
1.3467994066991542
1.3177073541179634
1.285628147841712
1.4014231789093636
1.4616340589105312
1.4226406754170557
1.2428091978366187
1.2623035317664313
1.3104220859776756
1.3894887378037504
1.3261510896525566
1.2811762035211534
1.2803865959712486
1.232776043841809
1.3177306641282198
1.2592355936026505
1.3125017734636064
1.3549501723166426
1.290147290056077
1.3259488303371074
1.2556260467071418
1.325307073500687
1.1716022285258714
1.3896617462798173
1.393506139192026
1.2564258584722936
1.2914551882189043
1.313987811094017
1.3210644186734528
1.3235351381279483
1.3248661311169518
1.2696671647744528
1.3417869828746465
1.3559739202372596
1.3370407525918715
1.2360483786278198
1.4581214767169786
1.2943738353042464
1.290100475424133
1.2481313527495028
1.3401256081217139
1.3050822526169552
1.3013651642486985
1.2867857890059597
1.2427974190042763
1.4122570118217006
1.2075976250956908
1.3106391214338997
1.401328953700991
1.302927051569793
1.3384424781535447
1.2597553114561466
1.434477501100059
1.3906573505254989
1.1705621962569017
1.3838352476884759
1.253883545723259
1.3166000017085036
1.3124006334979947
1.4309489409465954
1.2725166151809795
1.2197325065409945
1.1660276080208662
1.2429104334439418
1.3262187179976945
1.216800685597099
1.28552758546867
1.2224170691935967
1.2799265013782246
1.4465208916254577
1.2375936451182532
1.3241642867887602
1.2628533639621655
1.3065216229935959
1.370232035244632
1.3583027897046813
1.2288015494181215
1.2358631459374816
1.3313064590114412
1.2471453577210627
1.421902935823898
1.4209582322969176
1.3894993403543785
1.3028315602413885
1.3010938856606589
1.2430635564714418
1.3651778987850185
1.2949322807729429
1.2993576249058654
1.2616923601946703
1.3038109879883495
1.3088081066013053
1.25785183128444
1.184867931520717
1.310356460972747
1.3636708798404849
1.394014354607966
1.387954977314988
1.1987435036468856
1.307007062610506
1.2639560693726226
1.253871796684932
1.3502236386858137
1.3366068828684128
1.2181161769440387
1.3520544090008424
1.3584738873135274
1.2492374135344946
1.23543721330276
1.2573135564580027
1.3405263477635534
1.321133957806987
1.1475469914945342
1.323602950957697
1.2077387205845
1.3229854377221866
1.3377093511052691
1.404492935984692
1.3033044759360866
1.4317733613054837
1.309828722989584
1.342031619112506
1.3021997179910236
1.254472831444418
1.4108768067621023
1.4282807927996006
1.3432892874884437
1.3554122428359938
1.2703502569851124
1.2408170550056965
1.2346788242863211
1.2949445450610217
1.3180700539701617
1.2283922436495789
