0.01638020262667169
0.2814047394800973
0.432890088697395
0.5522264241601028
0.6205537114935121
0.7016659698266173
0.7008949743965495
0.7736245025717877
0.8178068051689685
0.811767352015706
0.8416688915120727
0.8424461721202903
0.8895784930449084
0.9037236535998991
0.8997806545085729
0.9678771231132094
0.9447616646986161
0.9244922578294912
0.9864560074064972
0.9461261438337164
0.938061541216248
0.9787076924860648
0.9269674613048472
0.9589022805300951
0.9499465609205388
0.9643360856366171
0.9746001156180158
0.9887512088124831
0.9694319532259369
0.9762690298049295
0.9926400862930922
1.0064846441747062
1.010375448154018
0.9972061635045676
1.0301934046462216
0.9949358262962806
1.003234525147561
1.004562466545373
1.011520734063495
0.9943893310175056
0.9967458197661199
0.9643222535825966
0.9994522016333816
0.9730916224964097
1.0015210505672296
1.0021406700273028
1.0080057775832827
1.0230471044723968
1.0163161308347228
1.0513105720738298
1.0098043169704292
1.017575745911564
1.0342230263952434
1.0393585506901128
1.0248673708654465
1.012618350190785
1.0340531145554652
1.0243337959753076
1.0117843873555554
1.0085117652020743
1.0387349611483865
1.0037022312388715
1.0087391427054653
1.0479846099213996
1.0267012459226557
0.9997444677784767
1.0179950318058453
1.0484528426443702
1.026409862808886
1.0857105325948917
1.0176771164937473
1.013072623044949
1.0079719746074376
1.039738849041326
1.028105238098608
1.008535774236638
1.0003171079510822
1.0187529462973313
0.98497500473247
1.0192694768335873
1.05700984964456
0.9918332055824436
1.0242951102664282
1.0534951935009333
1.038619133158509
1.0212521787879232
1.0070603027920237
1.0140321597675954
1.039433102569062
1.000851171578065
1.014216169778703
1.0204654776568514
0.9960082498115278
1.0513621375754763
1.042397357738581
1.0248643753076834
1.0115316851669842
1.0134014644916
1.025527462089317
1.0321877700050743
1.0405821268352504
0.9911258671478658
0.9849752592840305
1.0277692185177576
1.0398603393075916
1.0157180505569423
1.0252620922804898
1.0382011251648513
1.0786354776671874
1.0038826121926496
1.0106575720774527
0.9978302168955989
1.0394210941710655
1.0352196989367466
1.0547182248096483
1.075411151451091
1.0214768137183763
1.0229073857354225
0.9685440237821012
1.0263958914552394
1.0506219427222547
1.025124274607024
1.0395743712967431
1.0471016072171893
1.0398163721054308
1.0482843450137092
1.0024047636483449
1.0046889808861468
1.0278920427553755
1.0616846062335858
1.025644197336939
1.011843791071729
1.0007569254432056
1.0424312701855354
1.0016701774472256
1.0333230575573138
1.0402506069293078
1.0012822144126383
1.0107508566312249
1.0620604852472422
1.0392270451354724
1.013290849674623
1.010811440147733
1.0055137373832508
1.0203331781435079
1.05846541167787
1.0610847520179487
1.0050631862387382
1.0518567873069933
1.0382532418124115
1.047140697062412
1.0600983212837718
1.0370593796454997
0.9916783113020498
0.990623604892368
1.0268425964905838
1.0058415974010588
1.019456318749934
1.0321721957838126
1.0359727589300123
1.0577483614241465
0.9764203061346485
1.0069127821921764
1.0277743517176843
1.0327738130143762
1.0410159817514224
1.0447938949411495
1.0378836503031754
1.0315517557065592
1.0504938811066662
1.017657916716835
1.0129615896866129
1.0235940843661122
1.043649999274854
1.0250537342110309
1.0122720896287256
1.0381692640302447
1.0241451433235538
1.0406096185720648
1.0326681338474863
1.0078543649215332
1.0495070240584887
1.0252526889369522
1.0492429708982811
1.035986050277344
1.0227698133079115
0.9789994098811392
1.05887997614982
1.0127704612849049
1.0674584199747559
1.0457534097417418
1.0449914591235916
1.0512645219998007
1.0653643671631035
1.0600815746487502
1.0201513955774577
1.0105415607890496
1.0362750811667145
1.0400002976537148
0.9925611610900241
1.0455405922118517
1.042105831019397
1.0316996998980716
1.0270686067118606
1.0503761420298516
1.0441705965883905
1.0208809684721811
1.0532537776294357
1.0365541465706831
1.0342001540196302
1.0427334709130482
1.0539148832118088
1.0377427376406423
1.0511678067248733
1.0264984386575144
1.0259425825661062
1.0543155555541186
1.0172034668854344
1.0327175163770046
1.0627500313869314
1.0534578744695284
1.0159557693548502
1.039568977529502
1.046021524359529
1.0462541478959964
1.0259612324592648
1.0046450948226011
1.0245145709276435
1.007631826603203
1.0408723878330781
1.0122587832934078
1.0449544726222777
1.0316810356076853
1.0364345510364492
1.0179776361293564
1.045060520518567
1.0350372761995985
1.0174100972687277
1.0260573525351733
1.0588386891517578
1.0632430746568646
1.0548009090053998
1.0576987387788084
1.0719497803584062
1.003162339712175
1.0272656156393527
1.0488224289784838
1.057906736332958
1.0234110331033206
1.0740779700513443
1.017684739224161
1.0470023796099717
1.0446835262973364
1.0212371514104708
1.0145446859494835
1.0370693140725085
1.0178677992556735
1.0500551198811048
1.0127001296376852
1.0497764414397115
1.03415203242146
1.0212376464927584
1.02309024742024
0.9819781118609411
1.0260236253050197
1.0394760535034235
1.0658041677709433
1.0779348579134018
1.0518293878232958
1.0083653076285501
1.0100622205415357
1.047804621509285
1.01696746350345
1.0348945701161267
1.0483274468528156
1.0339649152424621
1.0212332304862646
1.014010451816461
1.0353776890110005
1.033823851162423
1.0161470045912162
1.0584652873479992
0.9791966739964558
1.0303350337485837
1.0551856283678762
1.0461500681014793
1.0013264646689728
1.0203572949214907
1.0496630932110564
1.0487367761146238
1.030786056179919
1.038571821929666
1.0025428359836523
1.0274670305847313
1.0632910477841775
1.0471816692148217
0.9996568768382472
1.0666424828911618
1.0840521381468908
1.0504640197313704
1.023909619978806
1.0496631527200222
1.0545291681932034
1.036160466381495
1.032980667237934
1.0301911400033812
1.03166697415631
1.0343147259583738
1.0234741316222824
1.0273480094272232
1.0141615285990784
1.0627573887111206
1.0302279201806137
1.0325644851777276
1.0644529024632103
1.0714915578955049
1.0150411562168509
1.02950022335176
1.031323775486748
1.0240559996637009
1.0330777239621038
1.0724309703906874
1.03996164964679
1.0192631011713318
1.0128004751431567
1.0723438474444043
1.034917331495621
0.9982590120205155
1.05378622147983
1.0406942635177723
1.0228670771756756
1.048209411044813
1.000444242294187
1.0419735441473432
0.99420983362082
1.074256493734566
1.0481077126170113
1.079648247807281
1.042025560728379
1.0303187352252061
1.0393600086640407
0.9984857543305067
1.0650834978645942
1.0352261908378215
1.029849332070599
1.0280115115567783
1.0201225169045751
1.0547480634458115
1.017935015636944
1.065881012611193
1.0380931391259103
1.046503452334346
0.9976707000904717
1.0508838266492297
1.0339333373287378
1.061373188892226
1.0183038561458182
1.0409745239034278
1.048476729594973
1.0615711940110473
1.073246780178729
1.0530034896312466
1.0226161294269327
1.0578733653159325
1.0547395542124387
0.9956339928739094
1.0083664913189663
1.0021211315630076
1.0296777525673264
1.0378219238210902
1.015532611621075
1.0210536303161706
1.0482398464305824
1.0654064954351665
1.042914817768174
1.0396993810521793
1.0896420752739617
1.0355596854511342
0.9967321952768191
1.0356376841962915
1.0489010846073712
1.0621286740550413
1.0211553172692622
1.0521760686979744
1.0406407553179113
1.0192577256302875
1.0182546545060602
1.0358050053330679
1.0243484314827866
1.0630693343138742
1.0429658712225112
1.0660015297833698
1.070723344041561
1.0260977273965357
1.0443986302728745
1.0935355745161741
0.9999849724591711
1.0611715805212152
1.0309949077362999
1.0352289822491134
1.0233581379322205
1.08784649398368
1.034694205715698
1.0511328952072407
1.0056110543528425
1.0401558436708216
1.0588364267233128
1.0265692906796484
0.9994244773310776
1.0331069238839226
1.0054509389754773
1.1018119592010125
1.0452509359375917
1.0346351620542662
1.034319934114132
1.020931531922443
1.051242630316238
1.0347349893852973
1.0330290291950233
1.0821374379382906
1.0169150715448638
1.0118211510907975
1.038486997326367
1.0495882101128482
1.081733600417696
1.0565088317642533
1.0530930028137213
0.9832779160753672
1.0157255129688285
1.0329090979967754
1.0715188578786792
1.0148823903771609
1.0207298696296498
1.0680192956676142
1.0456387236110298
1.0044534569278871
1.0482104597304942
1.0435872357946905
1.0173614845134513
1.0356102499273292
1.0289623985510354
0.9959707073573223
0.9920631673313515
1.0566142834438583
1.0078777041089801
1.0393793974564725
1.0629804391539368
1.0122626950774334
1.0340714813730243
1.0545042605772128
1.037705578524459
0.9755984568809218
1.0288356890191424
1.0354487247974726
1.0252889579918638
1.0249717675497378
1.0816372515483417
1.0571452285812755
1.0227327529087866
1.0435469062846499
1.010285132525683
1.0486098074320012
1.0162082531406307
1.0448383532945464
1.061543488562248
1.0845696162763898
1.023050959856716
1.0303984924597422
1.0325385252335668
1.053369244898925
1.07278692755278
1.049040825102506
1.0271803591006134
1.0515548663452468
1.0363254236335087
1.0321063519874527
1.0225751268660481
1.0268696160320918
1.045017937018609
1.0206127088390522
1.0125583581851563
1.004490624665019
1.0279459836567748
1.0085256717891742
1.0444261783160143
1.058971052649652
1.0303520445241798
1.0001331761780552
1.0668185377556096
1.0179400619656809
1.053782911713145
1.0479428638467563
1.0547685268520528
1.0251473250689294
1.0040103391025303
1.0347510410266771
1.0429844384856828
1.0780585022580091
0.9983265639197804
1.038415366127157
1.0727554008605942
1.0396233286572025
1.0025812883446337
1.0267514156865696
1.029023640123794
1.06296201728037
1.0766447063002393
1.0518386240730673
1.0875264776360445
1.0008170017780142
1.0258889375804157
1.0445582683063768
1.0606243555155639
1.0134441029554508
1.0252613419052776
1.0223032510228478
1.0525561246165294
1.0106112888456051
1.0644534492153277
1.0289218648067058
1.010651616903385
1.0701614802013864
1.0696430173014626
1.037325002121409
1.0142266886512692
1.0504366571945685
1.0223591618200636
1.0562549619589856
1.0144955741375274
1.0256880687186556
1.0244524979808176
1.0070015044621503
1.0414978156455883
1.0601356992905933
1.007697268650408
1.0493433934767245
1.0497865168492972
1.0149722895123992
1.0530387117119784
1.003613715910968
1.032662087720434
1.0778030258373719
1.0215656133787496
1.0814254414404452
1.0588802562587967
1.0721664397163644
1.0427930878304497
1.0653070886873242
1.0163268241357473
1.0253341629601918
1.029277061955363
1.040993157690575
1.0240557472808751
1.0588786884497714
1.0508509553752035
1.0289985054691042
1.0225234370939837
1.0463813679186331
1.0370054027669622
1.0240446777788257
1.0365561076970724
0.9817462280065217
1.0760515394415955
1.0289012817842493
1.0510980613804979
1.0823234296473767
1.0283816622600404
1.068396985451468
1.036858412524574
1.0501103278431827
1.034359043788152
1.0003556963987077
1.0414607991873763
1.0358136294016331
1.0377310774340651
1.0159654536777887
1.0513030795250038
1.0115880481763164
1.060988444662488
1.0404384857258515
1.0474091175712232
1.075115555964854
1.067513449387658
1.0102172096103972
1.0568333189835486
1.0817767017931472
1.013836634000336
1.0272248657897032
1.0749383652949795
1.0519532047073379
1.0191084292451444
1.046473957553428
1.0605470823164778
1.0581077488797455
1.0468352093695954
1.0133578993406775
1.04537976412339
1.0620841162958181
1.0329398967388752
1.024632065901408
1.0313090630054669
1.0242123979020967
1.036080516014359
1.0138451434170996
1.079395437884585
1.048054104215072
1.049231189527259
1.0495439622938005
1.0443488801986351
1.0329978439635532
1.0121674348714358
1.0624248364425957
0.9894065278817111
1.0508019397043409
0.9944997630766299
1.0764250793891752
1.0313706551969937
1.0234042321901462
1.0564068501675676
1.0367233773794198
1.0432633888352536
1.0349249643953649
1.0340892273472553
1.1139652504627262
1.0254349247256211
1.0548261522582092
0.9963340065041209
1.017730597677919
1.0412650576867446
1.0682316497261157
1.0241539865598996
1.0042384259524224
1.0209586332884766
1.060731500705565
1.0195493694379316
1.0664438375236687
1.0363341475141425
1.00194609706
1.0510537661251071
0.9935353088855131
1.0242482592729192
1.02391187575327
1.0249673475146275
1.0464023338029937
1.0195245173466168
1.030000836162409
1.037153097508677
0.9973708153821137
1.0578898256579068
1.0196667204538798
1.0401531056930546
1.0033104361495702
1.0298281086224441
1.062735333573221
1.0745724810881774
1.0341231999342262
1.052875743543763
1.0253038931900729
1.0527305324137612
1.046665415973565
1.0366542776638599
1.084041373187124
1.0593009773513473
1.0302882325650946
1.038382912554118
0.9939440592420218
1.0953420142065835
1.006795775752071
1.0061208172315197
1.081665390284342
1.0311541969509672
1.0334862111543617
1.0363137491152765
1.0156411272589922
1.0542454177802933
1.0004594954855053
1.0080403522668118
1.0328696012958978
1.0223639650894976
0.992067429540217
1.053750674619301
1.058005780116497
1.040907002296869
1.0262860430827716
1.0491999955696285
1.0423560733734238
1.0208147637644738
1.0572889670412102
1.0389304121926966
1.0354860044234053
1.0477327648403358
1.0313162911521787
1.0283497870540415
1.0590757511192588
1.047332243553328
1.0641944499320577
1.0558935874995692
1.0322008078872191
1.048676256200211
1.0366167331677858
1.0488427028788594
1.0284940266487088
1.0510931286637917
1.0321751545750193
1.0355590517144673
1.0944485346520416
1.0556135649550618
1.0564717113916744
1.03650023309742
1.0236636004206128
1.0307981417285554
1.0302172321944207
1.0139233771159175
1.0428838938551936
1.033289599251171
1.0212534972355904
1.0717699670406875
1.0487524268133426
1.0174382762713194
0.9967510754806016
1.0290930076712188
1.01908091311742
1.0410053012011762
1.0425868631484851
1.0361374344609695
1.0212830233307553
1.0228209869919118
1.0532989874539622
1.0483803803884602
1.0277150414400282
1.0497928159249512
1.0342394915504458
1.058137268944939
1.0407028676579693
1.0356575426819508
1.0410101672916015
1.0307127199830586
1.0462912871152321
1.0141504652977595
1.028503518004491
1.0462467475261406
1.0340474874803016
1.073509345111373
1.0140281252884338
1.0094481345958117
1.0444038040564865
1.0339670846505864
1.0323663085437742
1.0174308106742924
1.02734014655738
1.0087187118050014
1.0583120310949548
1.0239152640426754
1.012959893915361
1.0664470460402242
1.019498455736941
1.0289127307372632
1.0134967876208807
1.0218499575198792
1.0298943623763428
1.0216915727434923
1.0159569857501933
1.0174544683202105
1.0261086180798145
1.0576677530993284
0.9632924652309235
1.05950869610176
1.0394334121837447
0.9882779513262245
1.0254430621568225
1.0571370804197964
1.0108782318590364
1.0199583649364554
1.0380981183833655
1.0470546186214207
1.0432244027148143
1.065936870964918
1.0481040054749522
1.0409975741010056
1.0467774168174289
1.0679952624910074
1.026462878018847
1.064743592157407
1.059639808947708
1.0154932662435758
1.0451810547953884
1.0616785150542873
1.005496120004635
1.0658314350705
1.0131350445235074
1.0473408445894181
1.0149944217387779
1.0160497510564235
1.0146640116531729
0.9881563987144975
1.0229319473930392
1.0384584240395045
1.0474402851046545
1.0525453581911723
1.0280164239630591
1.0511353274462196
1.0909188404070882
1.0306391870329685
1.0517924263204874
0.9849741093896112
1.0443973053492062
1.0306190955344154
1.0171682070088202
1.0291055781844674
1.0572724999407677
1.0417108562360897
1.0713053495891673
1.062941525625615
1.0705797072338994
1.033702912536641
1.0485256169093744
1.0719537176429934
1.0455427896964757
1.0431904903106224
1.0261061081296918
1.0608162689500675
1.0309191298664617
1.015246715785282
1.0197451439146192
1.0309618493208448
1.0594741993969659
1.048489767123144
1.0046031962751791
1.0563723796594795
1.0427530243776963
1.052443371302378
0.9929903216059909
1.081279649567992
1.0343798489870413
1.0300576374953618
1.0552801269140766
1.0264103761675738
0.9881212992261373
1.0330708955341936
1.0178084917621892
1.0565472383068024
1.0146156591937077
1.0707292048190367
1.0109055505843412
1.0338245237858226
1.022016937256047
0.9890029591804392
1.0390273122379377
1.0823281283932173
1.039129387689302
1.02998659060719
1.0543095423125763
1.0432384067688873
1.055419530832133
1.0038483740165085
1.0449112912702965
1.0293520721434164
1.0011503383051312
1.0100348550366718
1.0707251632616481
1.018946896013457
1.0261777326420922
1.0737417663804338
1.0491300169422204
1.0535148093169389
1.0373559053844192
1.0202295929852678
0.9979401321765983
1.0063468530591182
1.0523214488056611
1.028703250540686
1.0760443809901614
1.0687381470232273
1.0276355508040322
1.0746770077230678
1.0090562771128968
1.0287085720307192
1.035111448838764
1.0323958821635322
1.0196150103658155
1.0070615129185176
1.050257388390166
1.0230120028643366
1.0247695709039353
1.0169959279474885
1.0328113283493536
1.008578459067408
1.0425793798397305
1.0655854452596103
1.0436363050304474
1.0240788050648821
1.0032509223999992
1.0270999369747928
1.0439164332233462
1.0457235412722825
1.0453680855021539
1.0546658174964998
1.0587324033565144
1.0348349771701586
1.0398237748426165
1.0431380205304508
1.0254751354910583
1.0672828588623924
1.0323064294422422
1.0351307388959359
1.0355682446255958
1.0510492657313337
1.0358819371183778
1.018627799234046
1.0212518274867604
1.0095416839539784
1.048432427880141
1.0564940130774467
1.0515027040617964
1.024707504653731
1.0103839626059135
1.0058437444707995
1.0079073126815243
1.0488198322639095
1.0613888710755748
1.0266423621414011
1.0498969821840711
1.0683551739859551
1.0370475740648248
1.076327042817471
1.1053650884165698
1.0647792574740904
1.0496662333710545
1.0460830464992137
1.049959629924026
1.0207756329203819
1.0037758592957917
1.068292954895205
1.0043480816547496
1.0364064286220482
1.0425537798642368
1.0284278578739743
1.0104594049658215
1.0181026695865556
1.0539326669248312
1.0610015672647986
1.0288090394995912
1.0663366085189847
1.0569012678516114
1.0617148115833168
1.026797802021065
1.105395691537935
1.040040649154525
1.0098094532369262
1.0467542221594373
1.0048995490835833
1.0367395000832345
1.016467652542718
1.041633379319505
1.0420970429140433
1.0267708843061865
0.988479743246728
1.0402455837761202
1.0483511425009875
1.0351048368566564
1.0581803646676593
1.0382220819789878
1.0371786126513347
1.0567086463444377
1.043286286209611
1.0156424425617774
1.0268921558296937
1.0537937332130924
1.0427921799375062
1.0094416683928593
1.0588103270768656
0.9988747033369632
0.9835456023657412
1.0463514002085175
1.0513198322102357
1.0522322221219205
1.0534295699633156
1.0238912511022933
0.994703491375768
1.0338703634306698
1.0459797346051873
1.0193141308663158
1.020218436610469
1.0836167143047242
1.0353996750388046
1.0017541004857964
1.0270129164623993
1.0179255703625518
1.0208640101201236
1.0528478726886448
1.0371169325693317
1.0350849002597653
1.0355771035835812
1.0568305751765836
1.0078628372662641
1.0183346256664392
1.0345930573146571
0.9990746508629116
1.0178842072555645
1.0610572233075168
