-0.03108924095248305
0.25837860169965177
0.4483873881256091
0.5251529560074735
0.5983396842944879
0.6106946487638373
0.6821760199457259
0.725025797541657
0.7564930426168037
0.7690130975838808
0.7812986340550694
0.8172419768079081
0.8952678774282264
0.8632645176851279
0.8888839016543963
0.8950525555886901
0.8918947257227632
0.88624381603146
0.9601770210420995
0.8845727867858936
0.9350226103961723
0.9947038947407368
0.9542734679012035
0.9631790470885101
0.9431652741706382
0.9686582505650002
1.0019235614941933
0.9787006875123662
0.9845620219191762
1.0039464192440046
1.0152352723409206
0.9730632300948799
1.0368654375903201
0.9929277699598082
1.0055994279797618
1.0308758376450584
1.070487179167996
0.9960611926844402
1.0075970241898915
1.011914826426187
1.0650275062780665
1.084424058736403
1.0301038976591856
1.0479926247373283
1.0670714762316647
1.0532543751539658
1.0458302712555823
1.0625294458177614
1.1012067762409374
1.0988856189100038
1.104160243858761
1.0728725276905307
1.0894170186065264
1.0657954234163018
1.0360284931471913
1.0945798659595214
1.081411067692989
1.1310806111504057
1.1017936550897673
1.1204257971671152
1.0858863144448485
1.0693099329823792
1.0940335645028825
1.1495848518233922
1.1055107293302853
1.176025234492287
1.1143539230252126
1.1235084741871402
1.1241929484039326
1.196711100782724
1.1593727544862666
1.1588954349826963
1.161863105775316
1.109327327002118
1.1203251551347218
1.1607188205164927
1.162872453627827
1.133669749423096
1.186109392138992
1.1158886002662738
1.1436653941100288
1.1349914884660839
1.1585378606138117
1.1360621251926373
1.1431844023971784
1.1871128323922837
1.2058193099570047
1.1553672410079245
1.163689497477686
1.1827332497940681
1.2270567128272059
1.2027220533457614
1.2011848978219133
1.2080174800993513
1.1917538849510372
1.203722525265161
1.2043486274806114
1.1949976404263722
1.1748907374310564
1.1940366996894374
1.1675523047820182
1.218537309692102
1.210317475143147
1.1847940783431472
1.1723123250351424
1.187020374493407
1.1638821491587583
1.1646884279827232
1.1960909585058277
1.2375088329312625
1.178977280148905
1.2000846411149133
1.1862812117465111
1.2192095261937368
1.193623280847328
1.2115182739100412
1.2401021321272008
1.215665812717639
1.2207348979614456
1.249447785794815
1.2415474037913161
1.2030426542459909
1.2204204865754262
1.1954700782032472
1.1723940038178067
1.2106289145331721
1.2421219724125383
1.2845731191722358
1.2330837202404343
1.2248751676021208
1.1744232547034048
1.2571836887075694
1.2397141153876052
1.2843053255371266
1.2376284918986278
1.2519349422540635
1.2476395417139243
1.2412189011406944
1.216252404963817
1.274709998873767
1.2732114671575694
1.2422664636410352
1.2025867644988704
1.2583409308653173
1.2930072409884592
1.276927519998349
1.241418556411948
1.2481484731185057
1.2516080930460933
1.2098555311425203
1.229781136779924
1.292424672255798
1.1801621502098594
1.2869529130785544
1.2477596809076146
1.2713471971442234
1.2593563438079645
1.3187299594822044
1.2003465348552302
1.2879396135127261
1.2704165164798757
1.2450364296999485
1.2221636108370155
1.2398792807509964
1.2538717542023192
1.2679295437970555
1.2396801362364749
1.264017994633797
1.306272707586527
1.2440029364868217
1.2475369236810623
1.2585740184861658
1.2620293388254047
1.2943032432819532
1.277998665543842
1.3219720215468205
1.2717324826299274
1.2707635920816263
1.2704203763838913
1.2684809713540945
1.275290726914233
1.3056851656462494
1.3015110452545402
1.2671296387495143
1.2786135656216375
1.2293848652263755
1.3027086094957943
1.282120969390984
1.2692473421722752
1.3055929693513566
1.27554404369674
1.294645541884034
1.2914686302269107
1.3171709347651328
1.2881028876869056
1.312047678321351
1.3198231450663802
1.2849910979523593
1.2940485209216026
1.2946602250158672
1.2768677327815723
1.2517242309781071
1.271900880811471
1.2968937734218284
1.2499711951518702
1.2617209376280434
1.2787735504816755
1.2739140694882605
1.2645891309688744
1.2517347886659838
1.3033563002644621
1.3067783006880656
1.257551091415716
1.2373447189517175
1.2838827740309564
1.2987831975759503
1.3274307062169437
1.3474203024433193
1.2693584175455417
1.3556257120733717
1.309905858703849
1.3374957817847373
1.2869869628687238
1.3050167813574518
1.2598551904170652
1.2920496691718744
1.3422908677206127
1.2867213236512591
1.3118359270923474
1.2979278685196276
1.3061291608661678
1.3270597675940605
1.311463508084905
1.2634146521447025
1.2830133049213495
1.3106335852013111
1.2670857743074044
1.345700721582692
1.2782538104236414
1.3031015109325368
1.3122109982187595
1.299082624871935
1.3377670855659591
1.339827660064185
1.3205253189161448
1.3641088736021896
1.3090116547624528
1.2874555602406956
1.3466556809469903
1.2773169124741655
1.3634445974572937
1.3106873523464373
1.297215026755405
1.347437693824921
1.3182792292143137
1.2886613654263939
1.3412298886093217
1.3157002089786196
1.3137177714719377
1.3296708918661306
1.3275978324397766
1.3242798803176363
1.3536848432444073
1.2839674902815237
1.331120034016052
1.3074910191067066
1.3726872131090164
1.37380236396158
1.351768117678074
1.3261274937024219
1.3379759149108743
1.2681052296018105
1.3040677706366546
1.3363286343195615
1.3088147969228967
1.2907351624298498
1.3350897446796848
1.3192441479994914
1.352496948893508
1.2989667116985095
1.3062359961460772
1.323069075080179
1.2864471212591189
1.2938764057118117
1.3461687191938736
1.3220571357741469
1.3117071864683507
1.3148790644285797
1.3271915864834274
1.3494421392232592
1.3369330546419442
1.2587649684661186
1.2850524031466433
1.3043143076502974
1.2988040966632028
1.305488156337828
1.2891833773695665
1.3557911161977712
1.3150725631330211
1.3239726146838209
1.3714739372956772
1.305170792659126
1.3403472225042365
1.3075027637590453
1.3437996371156313
1.3151726041788578
1.3258393962052457
1.3442518410148137
1.2910111026930253
1.3176979673655618
1.3116891706609766
1.2687369916883937
1.329767114330213
1.3045105950038216
1.332905576805152
1.3632981688848307
1.3147348157754257
1.3271915158880923
1.3306771121501728
1.3829163369698927
1.3519736323657376
1.3196753026885686
1.2942111501327747
1.3478331759507793
1.3465273944875382
1.349855934957047
1.3633557293335943
1.3220106484989231
1.3528960243111636
1.346952850758967
1.2727471543079858
1.326029084908002
1.3293026670895545
1.3168705754245558
1.3003063276613627
1.3207414824574122
1.3167217415369774
1.3431288091802023
1.3225752437687808
1.3287466739431195
1.3509374492299544
1.3912440828455872
1.319564885348765
1.3834825102492738
1.3396478138192194
1.3542372328614536
1.3693104636253124
1.3652544386187992
1.3500400387938114
1.36426396679229
1.317994594394923
1.300513050131865
1.2947531480349002
1.2959048801877442
1.2880800344556942
1.3192128280055995
1.3756271771462858
1.3343582103916252
1.343024430365087
1.3731665220462768
1.374923623952685
1.3217602577605692
1.3651650196822422
1.3543255450502953
1.3204821679182182
1.2740250124832742
1.329541488590933
1.354023826218999
1.3310957680625268
1.3711604597807572
1.322461194495364
1.3702528475823865
1.3324305157794485
1.3523669857902387
1.3608882541150282
1.3627897386578478
1.3449878203450105
1.3465151826776613
1.352604131009441
1.3413466367872073
1.334670052242665
1.349197801072327
1.2944914922181705
1.3124857078381948
1.365735123790157
1.336479280557721
1.3052816896322181
1.3993317264298175
1.361945672139437
1.344909468109718
1.3237858542581546
1.3137304281562363
1.3358324437311506
1.3347362780983185
1.3142691615360993
1.3643028497100194
1.3403955903058629
1.333389532971879
1.3957467494822025
1.323620120978159
1.344198299049512
1.3189827648329324
1.3426532591428357
1.3097139551723551
1.343326539543331
1.2991963492383656
1.3900016159899455
1.3397399486336619
1.3108002673804906
1.336931758598045
1.351209764200035
1.3218707262953706
1.3308273406636912
1.3266401848204437
1.3576588964137721
1.368954079342032
1.3534897636853176
1.3407785698862158
1.3326331815470904
1.3713702628128686
1.3674680833612147
1.3417688067110356
1.370036696826684
1.3802807789052063
1.3207083930494368
1.3511328730775083
1.335554917903719
1.2922604756364704
1.30317400813511
1.348283644308816
1.3705070007702445
1.323793494048825
1.2988087640781252
1.3667106227433767
1.336648365990522
1.3681362637419368
1.3581750572150464
1.4050075882054833
1.327253241430615
1.3401871013871842
1.354078109023459
1.301418964164949
1.320393738937656
1.3902312741285054
1.3132532449312093
1.3746499883321728
1.3457693295967408
1.36468865033445
1.3465003788422971
1.3289160172065542
1.3599084051103747
1.3335190014046214
1.342235219378773
1.3186104085063917
1.3201214054611479
1.3539452346471659
1.3372220382776059
1.3411137653075063
1.3415490475371938
1.3121612255439425
1.3413768616686412
1.2932177922074026
1.3241920536789753
1.350102898448612
1.365073075440961
1.3183026859990106
1.3732133644190316
1.2979574985580982
1.3050150721286222
1.37824263542108
1.3558836023233696
1.3664841350525017
1.3246251679658785
1.3289710377199284
1.3331625103535665
1.3472538995760763
1.3650485453712535
1.330629896030576
1.346410682389762
1.3845803471635107
1.3421853243063921
1.413164709123063
1.3526114574186252
1.366660830576787
1.3890521912832474
1.313403134727602
1.3538830168585971
1.3407458112829698
1.3459219863056207
1.382096732746773
1.3527435817071845
1.344630839597477
1.3739928480444854
1.374615046949786
1.370608913906935
1.3478191247494242
1.3288620693416504
1.3570053647891445
1.3533384748008772
1.3585904584643347
1.3605186246414196
1.2898635059199117
1.3057473177639116
1.384992244338964
1.3388573356540234
1.3371682982162272
1.3812218460402483
1.335797342793224
1.3990956994817225
1.3464132310521262
1.4050260897124387
1.3243355821240614
1.3633734532049124
1.3419681915576165
1.4053766309790807
1.3445042649431922
1.394009795435982
1.3525805601251921
1.330219769000845
1.362549734586104
1.3575456079857973
1.3513240019402497
1.350480269962164
1.3831093291375494
1.4042754556500503
1.3383886699808338
1.3457529473178746
1.3719395325118964
1.3455298294676061
1.3768715013449273
1.3929173471289171
1.3757776986949088
1.393596265274577
1.3648954751573703
1.3274068198406621
1.3874272725098622
1.3526044719751715
1.3513125259042889
1.3741132936239906
1.3851597947480354
1.3362160584301073
1.2944959958053688
1.3190733509897437
1.3636526335557089
1.3497046858260473
1.3659665261918814
1.3762555386131279
1.349903962677332
1.3058147611194435
1.3539365029851635
1.3401912739461888
1.335582975031017
1.361596233379836
1.3850741603082732
1.2936193948304515
1.359849697356978
1.3111185606840972
1.2977798739962214
1.386355860069073
1.3387493365682235
1.3561505260081348
1.3655633283221538
1.3360808049608
1.3622993534829617
1.346827026606058
1.3106789177831153
1.3210125449933938
1.3225133017466921
1.3657664512045358
1.3525181231437606
1.3414386149957152
1.3299196103731765
1.3375003902933735
1.3845831314677919
1.3510451193515225
1.306732148239966
1.3644679389125953
1.346513083879409
1.3521653500745523
1.3329550725152493
1.3217492459861961
1.3926430942132269
1.3915492402625045
1.37668080693859
1.3437682412954308
1.346323383471975
1.3334415310846268
1.3748145243699623
1.3621444175662825
1.3782590051820514
1.3418870631237523
1.3626462131022707
1.397729039354809
1.4009450437515882
1.3581554520927308
1.3642794162632468
1.369944556609284
1.3601757044386704
1.3693502263293091
1.3616195696168958
1.3258978365246312
1.3854639148409844
1.3371820441912254
1.3520134908058532
1.33165397180138
1.3538892778887495
1.3818011881529804
1.3229322761203113
1.3604622503687753
1.3516388534398018
1.376142678723899
1.3929012022199982
1.3384234117465474
1.3161508437334104
1.3636863535766777
1.3331299774094492
1.4198255614282798
1.3681014951166415
1.3979707654109574
1.363182558811007
1.3632613635056874
1.349196829046061
1.4001145860794662
1.3190687566278039
1.3834929129151317
1.3916948315195083
1.4063563569553637
1.3649798808831974
1.3346396846861703
1.382754791830341
1.4184725775356237
1.3671419043193938
1.3866876960268828
1.3797615459881036
1.3608412622266999
1.3097172496015608
1.4038415781257552
1.392397446637259
1.3484093339742595
1.42071929335691
1.3863292717778226
1.3519018602913697
1.370246803169854
1.3403360447697974
1.3193756707762543
1.3979032493652146
1.3702224361965927
1.3313728984336806
1.3174578654001756
1.3564077686782812
1.3901730180530336
1.3756783746995505
1.3532751699242596
1.3301717941501334
1.3546731039060111
1.3506058195689523
1.3474762096374184
1.3693613789639703
1.3654588610524876
1.374741531752688
1.4036146849983717
1.3317711438375894
1.3744859853559004
1.362502795267387
1.3685972403553928
1.3308017630796463
1.3530522288576785
1.3624571271149124
1.3804548264031842
1.3777963499826873
1.3561115551285563
1.3478723811277904
1.3500034245602575
1.3369322090704236
1.3771679864555242
1.3644570013440742
1.3418226150093884
1.366570070385608
1.3728181085539173
1.3687507401006311
1.3596234942815317
1.343640199329274
1.3873082056801964
1.3699432481594298
1.3653037323378363
1.3692474912986354
1.3387542633402236
1.3592513646087792
1.3840711965283092
1.3604470979416319
1.3732477790554154
1.3560079054584273
1.3916976249475665
1.3833164056700296
1.357388659639869
1.3595864660392287
1.3766814672270973
1.359262980101392
1.366398825678611
1.4002680156251455
1.4024416009398348
1.3406472012080581
1.3356203135762545
1.388663838321708
1.4123103497948275
1.388069209551866
1.392660228497864
1.3239810777381844
1.323631459561879
1.3847821287067632
1.3262141532965284
1.402658403768762
1.4173417571416556
1.3954408531485278
1.354981768953921
1.3547808245341304
1.3700334015183961
1.399031516097078
1.3364366217202115
1.3237920776977206
1.3401515325004238
1.3599097114047534
1.3471833608283128
1.3678493370749925
1.3566025466378961
1.320443697628304
1.424343037018734
1.3618431031469176
1.3294197863309805
1.3343497788764043
1.315323191083635
1.3489831750155914
1.3761499683240752
1.359025737026155
1.3476877583416136
1.337669995435569
1.3241580775861082
1.3072807864884346
1.3303678404541326
1.364547048727519
1.3084778812038786
1.3272091072650716
1.3704243114422183
1.3689078138679471
1.3596604742270517
1.3792746786230152
1.4073912674377225
1.3861062441891008
1.3787899822251188
1.3649640268910095
1.3704821937309808
1.3607769529643452
1.3104946312088233
1.328000689011302
1.3121131646224258
1.337884168005677
1.3654682505273574
1.3674266931255525
1.3664898551153146
1.3669833908356481
1.3729082151332586
1.3401052815784256
1.3575688805515633
1.3625597370185882
1.322065952137282
1.3806369539365033
1.348584502305737
1.3380577448843682
1.342089824496263
1.371909827777839
1.3845710168809835
1.3726863152231534
1.3826717419072836
1.372856530723803
1.3613525620782347
1.3486593355350835
1.3379656618895919
1.3203394750774535
1.3081964929008536
1.408026028758075
1.3490719071118265
1.3762637613761508
1.3578358689466519
1.3685127930814076
1.3642244726528079
1.3882255775360466
1.3512638112831468
1.348097110998646
1.3716119232719657
1.4101156655656033
1.3433113373362062
1.363135113416152
1.3652032504868377
1.3999714004582715
1.3568934077849215
1.3566786157053865
1.3172864820883072
1.339470806550474
1.3478784723105124
1.432942819637609
1.3555729343000935
1.3513722862654296
1.3766387461784122
1.335583978478031
1.3565367057357958
1.4063104482042403
1.4068885997411367
1.3719673706671396
1.4227321220334652
1.3512300858566024
1.3643861024384611
1.3683580656836993
1.358808663100249
1.3402724102648709
1.3621715260223162
1.3737973942199126
1.3487424169460833
1.335857995082131
1.3489404242082386
1.3858002279279038
1.3860486584110514
1.3464917193803974
1.3988103507517664
1.385758221144932
1.3851114439743117
1.3518649682451802
1.3372055160148912
1.3285598413265542
1.357211453938491
1.4165195921877098
1.3520097345116908
1.4146967422741135
1.3578946730991632
1.383725978988115
1.425086286152647
1.3418075033118626
1.3686736635518346
1.322183090002256
1.3545839458297848
1.3201580215298159
1.370384048070777
1.3521888290497972
1.3136335779959827
1.381451968770807
1.3557422758102868
1.384757733044783
1.3024292241645339
1.3721774411448273
1.3778283573291967
1.344378300045772
1.3482727442258136
1.3744459333268095
1.400782040630901
1.3413181746981353
1.404227747419493
1.3732710826832633
1.325212321700404
1.389570745661436
1.375238964557713
1.3521830452611738
1.4042921548410778
1.3116716110802167
1.3482340195292433
1.3615876311494424
1.4213679959644383
1.3632461391874955
1.4017281067299854
1.3998765735428516
1.3384733508859148
1.3643038655848005
1.3550011217275235
1.393356324105155
1.389229182983067
1.359690299894428
1.3567813581186623
1.3348557511453243
1.3729771759416103
1.3579588561888578
1.3735345884328891
1.401544123268848
1.3809117848759607
1.38177958083087
1.3826693422796403
1.3498402226406148
1.3689944628573958
1.389299115573756
1.3481020944546969
1.3282569026245576
1.3462615070540718
1.3853799180166573
1.374484008984273
1.3551685953902712
1.3520767750327982
1.3437815982307062
1.3599609493935951
1.37355795724045
1.3654755417431523
1.3548220514817213
1.3778605361325984
1.3806986208066663
1.319655868270313
1.3581543163163867
1.4040006817186754
1.3714685937555298
1.3707047689086742
1.3789583469399798
1.3175147631351574
1.39245776501548
1.367095485572109
1.3804684579514814
1.364832150797952
1.3737133964214432
1.3667973996960772
1.3417127832493878
1.379040782632047
1.3709324545043515
1.375200973645257
1.2969246974108408
1.3950099159417257
1.4162147606961297
1.4028570769626585
1.3392098028958304
1.3968227030957097
1.3886704821399682
1.3549412986710827
1.3463406133493996
1.405407813352277
1.3708397489843234
1.339711155609379
1.3569227373268364
1.4047731191396646
1.3822183397371615
1.392990126520165
1.360718181154106
1.350452886290723
1.3494481362766326
1.3721907074744117
1.3606725561634505
1.3996561881612428
1.349510548322744
1.3699439047482975
1.3722167760040058
1.3723651184063417
1.4014595727004007
1.366007225761651
1.3277786949806496
1.3815353854519987
1.3731728478105694
1.3727163542142728
1.4065082415514625
1.3983597280402225
1.3693783319706767
1.3376856859299981
1.374467590208401
1.3241446951940818
1.3959484413793093
1.3375424860799137
1.3741926163958444
1.331751334213582
1.3811011606401573
1.3772125320050292
1.3710541346857767
1.3458080709115545
1.4143690536888154
1.3993719143589496
1.323707597507814
1.353416244470557
1.3703947779201309
1.4284354140398396
1.3669235106264648
1.348302654834219
1.3021023471669655
1.3349809379518198
1.358807819115821
1.3965198910393402
1.3721991786148016
1.3891331221689225
1.3808980953463772
1.328005246941902
1.3697857277414338
1.3665572231497163
1.385008227885815
1.339417395624347
1.3291709259355076
1.3209264570064458
1.3930417882085562
1.3679651507208301
1.3802925688499255
1.3636186452026118
1.3535757064845508
1.4065976669108775
1.3472301347420443
1.3467203347795702
1.3511721456219585
1.3464549813308406
1.3666142541966981
1.3656596351260588
1.372514377797816
1.3572579626567105
1.409591694829274
