0.016353992879024944
0.2988505339666334
0.42105530874486174
0.52826170377937
0.6106323532370909
0.6664781517235684
0.6678572153232657
0.726440881836565
0.7937366965896951
0.741192298042703
0.7980669795649064
0.818346442924405
0.8290742942379326
0.8555361926323937
0.8659387008336057
0.8773809013690331
0.8714603432700495
0.8926932705782129
0.9483116498693986
0.9516702275023268
0.9464403904482455
0.9530547452836262
0.9520829465677902
0.9899892847679511
0.9865157662845488
0.9773380507002843
0.9556472935291163
0.9890940341777877
0.9980232395403175
0.9902825477880658
0.9774005447370153
1.0081084879792812
1.0394878767161775
0.9767221069751042
1.0555699914716206
1.0094024765145273
1.0260775751102642
1.0032405846161754
1.0481341037733052
1.045072944495513
1.0819060115636172
1.0173534786048752
1.047607860452343
1.0340510961156635
1.0616725927582784
1.062721783868104
1.077000367416131
1.0669223737704308
1.1083586143616264
1.0678098607703694
1.0805653266699269
1.0141868007856976
1.058402578107316
1.046025772920398
1.11914817039674
1.0538908493841355
1.1183328191688386
1.1505353984982218
1.1150577872444654
1.1045765249579473
1.1048667021706697
1.0891528923860876
1.0620004677517556
1.124532709452497
1.1053093411150718
1.1191832965560384
1.1352747067259996
1.1153674049951559
1.1333558307873375
1.1805072302217723
1.1396370457390645
1.1495394587794319
1.1504733020733342
1.1013219768592
1.1481309074237225
1.1179105187869078
1.2071310102474664
1.1536842458597403
1.133024406058887
1.1497837806210842
1.129024643337002
1.188859847132922
1.1935042909503364
1.1663012502097132
1.18139171397831
1.162023657344687
1.179316122378577
1.2106239405872117
1.1808310692757646
1.1580658857542556
1.219355380060466
1.155987452884173
1.2022851942202393
1.1696395581959573
1.201006102009311
1.2061763635366543
1.2361186188469737
1.2186347647978923
1.1678659369883135
1.17471414184054
1.2093381110725403
1.211376143032409
1.1831345422323887
1.1854633338580811
1.170418959016071
1.228700989535764
1.2322003327464905
1.1530060342955577
1.194357971297997
1.2657325203444223
1.2393714928108925
1.1999281016949674
1.2630706214917309
1.227478744880345
1.2265371403796599
1.2213507419277927
1.1934708910811669
1.228742043277939
1.2180317461673205
1.184395010891261
1.275378126700514
1.2326056644257966
1.2728531170171196
1.2291084505799275
1.2213555014954127
1.2085502232040628
1.2477037695062287
1.2128833879063847
1.2502967436162484
1.2406788366164228
1.270470205975064
1.2545767590058436
1.237867745273194
1.2018944265126255
1.2660563088435897
1.280911847395908
1.2342387655974392
1.2634440244507668
1.2313582973089616
1.2362361878525854
1.222431054510989
1.260333109982808
1.250815474305368
1.273833633523781
1.2543731629363706
1.2172763267034576
1.2543847919419708
1.2649538327152416
1.2262628491677838
1.2818140535861666
1.2745180825013849
1.2639295755433946
1.2737907153408878
1.25312496866902
1.2679901933116615
1.237404507288386
1.307630714805755
1.2834587005155962
1.2500739688170692
1.20981714110149
1.280549479404754
1.2854983642793811
1.283412766839411
1.2565332084262142
1.2805424620276715
1.2740813469182846
1.2548265798254576
1.2649821224728728
1.302051868088881
1.2724522125181426
1.3098477785816924
1.239467335633697
1.2707904774554644
1.259319801670965
1.279599068223808
1.26907791094805
1.2889570317816488
1.2989372255462488
1.263034874587746
1.3131303047803609
1.2770307710075974
1.2798037260179698
1.3040893003613654
1.2744233111005183
1.2616184379310278
1.2794406155931783
1.3206172678243213
1.3029690197494117
1.2791891251443066
1.264627392592232
1.2505707141827684
1.2834935732503199
1.2527146388099397
1.318335327233901
1.2982515477559902
1.3429842466021118
1.2458838479831214
1.2977870240153462
1.267765939305055
1.3150986266690947
1.2740263564727665
1.2360873467108102
1.313828768194789
1.286476783004532
1.2894759607070583
1.3139270348389707
1.2832371029120249
1.2744643710014154
1.3311221078536657
1.2812559573795133
1.3378236338842127
1.3207298086693238
1.2870703212952688
1.2941196296329025
1.3250111939512834
1.2757847297674312
1.3105758135794259
1.319942864619251
1.3256377925019471
1.3132919740898215
1.313234831891766
1.2971164186976143
1.3487760010677325
1.2622167261590012
1.3197601131712793
1.2773492138201719
1.3118382998424594
1.328545727945203
1.3184232983177788
1.2676746603507951
1.3269716699073542
1.3300003082731306
1.3165746994966114
1.3284338342900723
1.2583096020444346
1.2925089714382874
1.324303625003227
1.2989966944048497
1.3017608371626557
1.3323930106447721
1.3380725739055621
1.3269597213408375
1.3327352874245997
1.3001029287133001
1.3232756026074421
1.3166566402307527
1.3500853502320105
1.3155960161875146
1.2579518704633514
1.3195178515093264
1.3047522490189867
1.3176731150510594
1.33833808721862
1.324981863751234
1.3726347333538538
1.2960884674736242
1.3393670177328658
1.33426810041926
1.3244364385700762
1.2865109975389117
1.3227511217390333
1.33191078044628
1.2801664756505977
1.315418733428451
1.3187925007176706
1.3190499123990438
1.320447383922536
1.298335151563469
1.3299624462688682
1.323519954771165
1.3489369439638355
1.274761953968028
1.3039551020350775
1.3157422124783293
1.3157202007081994
1.3221505583378295
1.316565543349079
1.2614116156569868
1.2706796302717691
1.349372613629162
1.3144607959356611
1.363633568176552
1.3224933400135632
1.3177611479381983
1.3229170440820344
1.3037730853956417
1.3701553279852747
1.3178871248533424
1.3260629267741997
1.26495314151803
1.3079962450170863
1.27160157354838
1.3225993425413771
1.3283164256001811
1.2778646038118688
1.3156634543369221
1.323381695836719
1.3290593172774228
1.3483440654851524
1.280414581423945
1.387838214828428
1.3323310206342447
1.2948163651555313
1.3350508746054268
1.3380184572902605
1.3230353910602037
1.348908131779056
1.3914489168906645
1.344562355547817
1.338693287490318
1.3456944466777456
1.333899010715011
1.3107336617936884
1.361668998175852
1.2894559747560288
1.3007273609807826
1.2990440738610969
1.2937146302205371
1.3140505768390198
1.341267006006158
1.3557270374456518
1.3523710007630922
1.3093377015907124
1.3043774289712555
1.3498925068747378
1.3795592695960448
1.3214994094162873
1.3133837514521098
1.3416676431560706
1.3905303160050355
1.3282687372340336
1.3478133370491718
1.3232822530605766
1.3046193154528074
1.3174461815546183
1.3239981385113344
1.3121406089687357
1.327688453624193
1.3178475753792307
1.31365255330742
1.3071749065265161
1.4011046834861147
1.3543655272646846
1.3407943110950489
1.316552447255787
1.3075470887361598
1.3000774007267624
1.307185468011906
1.3103926354043982
1.3122239471179669
1.2954993744847796
1.3599698938443192
1.3384577872122707
1.3547594385312567
1.328347650342189
1.329105715081406
1.3279880755705193
1.3477691202324729
1.3215896915102079
1.3377909973616402
1.3450551948315528
1.3518662313970218
1.3193410513377168
1.3109014289485015
1.311098350178381
1.352943146238657
1.3474811507869484
1.3873054132755454
1.3980592929861875
1.3300252639149404
1.3474585728256716
1.3470548245429557
1.3462774407836755
1.3251520573194295
1.3442860476647234
1.327777653723865
1.329623178165458
1.3180098214608411
1.3644569890441491
1.3636301513883222
1.388181683252921
1.3575346626896077
1.35047848800699
1.361246506952364
1.3733010392196154
1.3695176196039471
1.3522761981881297
1.3506646556455106
1.2993681515343793
1.3352614901353228
1.3517975160421611
1.334010071430842
1.348813701623425
1.327246389476081
1.3495340123963007
1.3209603274488233
1.3124457391987536
1.3551779071990044
1.3049576040968622
1.3751594263614086
1.3571518235603586
1.2958585796216537
1.353046193237727
1.3957492930478168
1.3998375209881546
1.3693856240712767
1.3648092080177532
1.3648941069412464
1.3789782665337134
1.3492205213128896
1.3270557106674692
1.3428220287851114
1.3895889035464652
1.3302115992934906
1.3476481297258622
1.3821461331651896
1.336444157463197
1.3547305113278911
1.374172494022628
1.3271107604781858
1.2856248789331461
1.3818744557180365
1.3730846231746188
1.3312015420408934
1.3349329145174818
1.3754047343365012
1.347214315923655
1.3774900085172963
1.356605733656728
1.3719611681380381
1.3270400056891973
1.3449571765627102
1.32836486671645
1.3663584464868601
1.3192617433882543
1.3009413741063254
1.336552973617036
1.3481895224908558
1.3075956029600293
1.3199721355913403
1.379294370718948
1.365376766863778
1.3488006607735679
1.3699394716979743
1.3638487815474456
1.3385495236554064
1.3245647930696356
1.3757861619242837
1.4027608726799066
1.311870831886272
1.3726088540562202
1.3816094111260413
1.3702049713918811
1.3667990785620652
1.3704846142243787
1.3700178157470269
1.3534860699600937
1.3633155046507677
1.3257585016317903
1.3304871371451703
1.379323071752142
1.3897979390907627
1.3252452919781201
1.34585660792472
1.3235467590136394
1.37301913870277
1.3478574862206882
1.3668752794168781
1.3589108812665327
1.3553733407124169
1.3509743192560824
1.3435377870499068
1.3771923573285356
1.3451191631352821
1.3610139804877384
1.421308815189891
1.3781889650005337
1.33612099073425
1.306191563285189
1.3377758239237836
1.3672076858023259
1.3380532944944954
1.358136894972189
1.3621449655451123
1.3774491288878086
1.2968119281429802
1.391081718334881
1.3600368587005365
1.3610643345455367
1.3619938820279738
1.3812372027947692
1.3469702078247237
1.384584614336048
1.331626883576472
1.370166914107035
1.3067197586846826
1.3379478663735949
1.35750152619868
1.3547423590010126
1.3304654514539047
1.3531016179423052
1.322074107097387
1.3498941600607557
1.3809909024552447
1.381795387018995
1.355746500543159
1.3475775836537667
1.3396760760900015
1.3776994587838136
1.3410224795215107
1.3212756018860394
1.3798330498160791
1.405206541370448
1.371095278313483
1.3949082862705893
1.3584677525253706
1.40381149888509
1.3902403450446867
1.3682274270327457
1.375259000881248
1.3620956749698336
1.3620821290525134
1.3639047271974762
1.3567940156849065
1.344474733636594
1.3227945623359398
1.3411120286057059
1.3508325047559033
1.3603849551042748
1.3850250139522906
1.380164590374057
1.3819991492146741
1.4035155157300931
1.3614492023367124
1.357806991516812
1.303828159530509
1.3609406448008623
1.3513725703104562
1.3712949573049864
1.3376987042345039
1.3528858461232647
1.366856102924792
1.3378547015992464
1.3629414832627793
1.3478398578092121
1.3789630239426904
1.3723714926361015
1.34206719785024
1.4111970751462155
1.362916312101646
1.3490643162449403
1.329552215599399
1.36541885679165
1.3747554779563895
1.3544050651170665
1.4082073308667191
1.3756678044100212
1.3917718812656796
1.3265606867806972
1.3817657855000225
1.365038255339329
1.338426125511149
1.3940236390617853
1.3651148464850453
1.3639276398545692
1.3651806297300042
1.4127606018908083
1.377247000941968
1.367904900966826
1.361741084712813
1.400096793900698
1.3666626290725243
1.35629065897661
1.4050389220943262
1.331347427135441
1.367814683293508
1.3468743534000982
1.372681181637402
1.38390856690109
1.334699195917051
1.3294040377756018
1.377663217315152
1.292535824905488
1.353733698616155
1.3653560261880362
1.355583515526793
1.3527290477858542
1.383305670518196
1.3468838971719606
1.3604831539873705
1.4013893258809584
1.3818152842135656
1.4105668871446961
1.317631706875154
1.4072518775705576
1.3691268705394033
1.316552076654847
1.377549853590078
1.3512933796728335
1.3971900128813823
1.405799081264628
1.3385659801824932
1.3883435790760177
1.39621392874877
1.3411552245792808
1.3173891651856555
1.3733282527961548
1.3403922647028799
1.3832557424404397
1.399033011635779
1.352585712269536
1.32930388226742
1.395365797102345
1.3527680924377306
1.3808186886414426
1.3384500186727515
1.3731995543438997
1.3657541779901143
1.3781273991302017
1.3781616462553512
1.3774315110687856
1.3883865591266344
1.3517920465885207
1.3818077851078632
1.3883673227820341
1.3846486443119133
1.3292396620604539
1.3976939844429457
1.3953026052613193
1.3529920866602323
1.3441033699945368
1.3918421731184578
1.3928285020600835
1.3979435744771314
1.363018626813403
1.391817897674696
1.3253217443878795
1.3902645522823098
1.359822780406731
1.3946747023883248
1.3393177193289516
1.379890754910507
1.3852018128854475
1.3910898181410074
1.3855531647817438
1.3833328006127992
1.285579977802479
1.379287925627122
1.3304098026114899
1.363875820642265
1.3265477865791342
1.3652488720849822
1.3691689637908893
1.3887590186116128
1.3968664831870719
1.3803544101693623
1.406600179989021
1.376622626935581
1.3743863156744949
1.3791467011144616
1.401769040003216
1.3547014101309482
1.3406016144906943
1.354863076827028
1.4147951267079046
1.3688551954482058
1.3808515109819255
1.3078698389446084
1.3833152496794439
1.3181382888766828
1.3758493898612714
1.4076153820063937
1.385224108034484
1.3895871794021204
1.3483684619172172
1.3744698012115293
1.3953568866392287
1.4473503141771087
1.336913337427173
1.3851553164232602
1.3477871086686346
1.3685679044942198
1.4170633355383833
1.4130128242053415
1.3675486605213398
1.3329116733901125
1.3439280843775894
1.3901808622241312
1.3736825522924385
1.3688808336315808
1.4370173938097426
1.3435241809050709
1.364287650742457
1.3731459576274139
1.3777602240411477
1.374650510976144
1.388570560685886
1.423311689053236
1.410060386624761
1.3489015916571192
1.373846940605778
1.3643965998441208
1.3543705211490673
1.3929788934724787
1.3868305740388347
1.3928941797026178
1.3868048340376313
1.3840057426379715
1.3431359659911386
1.3598498311963159
1.3580235374769063
1.3736703207803744
1.379768538341511
1.3597529093582965
1.3819201908752157
1.374877184229458
1.3649050611529316
1.3953141991268183
1.3689528337413384
1.3752277332990546
1.4019919695372955
1.3969420147340907
1.3776726418111491
1.360132543361517
1.3541190823769105
1.3823179785901034
1.3330662957144317
1.4122750033727436
1.354719536123274
1.3711422925370278
1.3966167610350542
1.3865146050583212
1.3564276395054284
1.3638954156409069
1.360589016122853
1.3834111875222936
1.4280941365944886
1.3784307495124248
1.3497684187783952
1.3532299596959305
1.3504902133292518
1.344088560443674
1.370576919507646
1.3892359306267557
1.4353851984504893
1.416478725180104
1.3981820234420423
1.3487133026682514
1.3703087727886953
1.3750538225554962
1.3253363103300808
1.4058539306416966
1.3323093040177167
1.316386834199295
1.4026643605293514
1.3891470476927654
1.3469408102222125
1.3654796885088458
1.3599062613847241
1.3593112538741634
1.3575161343282127
1.3771292977566227
1.3699028599431757
1.4118544084792084
1.370480836508166
1.3226243913418332
1.3851844937884803
1.369385309285599
1.3581384467295865
1.3802824000002845
1.344334736582821
1.3908446224060764
1.3936560482122589
1.3562400296825168
1.3808736000940038
1.3651986085899535
1.323377782461128
1.3272720339899913
1.381952415982952
1.390354594046868
1.4219727761170151
1.376392295888466
1.3823707725824812
1.377422911957615
1.3513045283866463
1.355477462624729
1.3773552623792478
1.3786141970683818
1.3730413371812522
1.3645993717977714
1.351158893587717
1.3294705956493216
1.3914134848978668
1.3816609858272308
1.3493759712302373
1.4280511990503921
1.389758057351644
1.355802664612171
1.4099874326704378
1.3588624380520846
1.3764707018433657
1.3338008605258282
1.381978103109983
1.375322382889139
1.3714867435664564
1.378049373311665
1.362788399235231
1.3769048342491763
1.339677183608108
1.3507562007241363
1.3853238873947324
1.3505050067897193
1.367707474896486
1.3513131285568087
1.3435684881021202
1.363681967813604
1.3474290760838301
1.3480123135815025
1.390637009791689
1.3403083509676177
1.389239727153384
1.3926478880418829
1.3868409887220259
1.379653674859819
1.3425653576550531
1.3872067622237207
1.3362292470668067
1.4043647409398081
1.4191654561820644
1.3480128643624611
1.3604299067762813
1.4218181306138025
1.3877913529506893
1.37123627824396
1.377706500704972
1.3560812737797476
1.3759549740525565
1.3487154691656058
1.3187326577356622
1.3472651695825688
1.3459178005735954
1.3496651856788167
1.3641900635905284
1.3801682120087158
1.368340191277021
1.384181498424274
1.3792724340394078
1.349641337675031
1.3417376913308936
1.3575844479173624
1.3443983474378924
1.3486293588315044
1.3563685739330242
1.39805194429774
1.3879458444287085
1.3566544882510223
1.4238609573947012
1.4000467557678764
1.3634759128238023
1.3539841260619103
1.390461590641681
1.3424166236120592
1.3608282043601003
1.3548320373761387
1.373333388318275
1.4052359155060201
1.3353991798867733
1.3896362029603413
1.3524785429608233
1.3847012099686105
1.332988441389984
1.3362042616878664
1.363831632995888
1.3988090835846587
1.4081021541773127
1.3282708505236465
1.356516009309951
1.3070002497079243
1.3787252823628104
1.355702762361579
1.3644186470447601
1.4031314332959586
1.3815923518880342
1.4104689217166673
1.391647861662065
1.3805503815552047
1.3517732098417876
1.3775596579974105
1.381153961024351
1.3833268425975402
1.3798481289247677
1.4198701888980383
1.39761505779541
1.3301516447876298
1.3961025335323922
1.4029583773841392
1.4155114729761005
1.3970342879481956
1.389821594951154
1.4101231633217222
1.335783380601526
1.3227320713559385
1.3525657996582434
1.3608858640490247
1.389411300690807
1.3852657481472492
1.3579696395148915
1.3793165213399108
1.3638003201042528
1.3818258967926984
1.347609620169968
1.3928678944477428
1.4099420030783016
1.3584138919559825
1.3789609384522796
1.368778318877776
1.3581113411470886
1.4057622259596396
1.3961882706672766
1.3458700985714918
1.3898367365749735
1.332543635288576
1.394349163844498
1.393531526064107
1.343180920832804
1.3344375985427583
1.3495667291297246
1.3677466267058793
1.3769444518014284
1.3542170659470156
1.3920324429056128
1.3461096990302888
1.3850647061455639
1.3790301652973935
1.3387514654872879
1.4156308956756611
1.390641371410049
1.3666425016125712
1.3651623043868022
1.372912406970309
1.37751063843002
1.3680506099164218
1.3609061029337133
1.3566226248266435
1.3105744460976283
1.3976602919261347
1.3781751675565925
1.3901464621614816
1.3418188742013406
1.3376036693563278
1.3479138605519316
1.3559463970645114
1.3568549647798154
1.3713645304621922
1.373355811856671
1.4181508511434897
1.3869957931434933
1.4162834509768243
1.392835558362603
1.4051542225910405
1.3917719827550246
1.3605230175957088
1.3478810600872169
1.3876740744292324
1.4243652066601526
1.3970172111520216
1.3687316675266916
1.3910462307958342
1.3919935492879536
1.4255986635029503
1.4436680617674016
1.3981263686531404
1.3615654013309275
1.3445068371049418
1.3313029382869164
1.412555105395221
1.4282678445838224
1.4031281685979113
1.4158617437847563
1.3297396492466504
1.3544220883132958
1.3702174946190793
1.377441652897431
1.3416669662767822
1.373261183776451
1.3755665037726414
1.423988473630072
1.380861380362612
1.364899695187805
1.33559313950732
1.3775142944369527
1.4163152960079126
1.4418060371522998
1.38046030857275
1.3950790673079505
1.3723183594920298
1.4228701690853949
1.3736067653537598
1.3877185198055098
1.3390585023637556
