0.09500000000000001
0.12500000000000003
0.18000000000000008
0.2050000000000001
0.2150000000000001
0.24000000000000013
0.24500000000000013
0.2600000000000001
0.2650000000000001
0.27500000000000013
0.28000000000000014
0.28000000000000014
0.28000000000000014
0.29000000000000015
0.29000000000000015
0.29500000000000015
0.29500000000000015
0.30500000000000016
0.30500000000000016
0.31000000000000016
0.31000000000000016
0.31000000000000016
0.31000000000000016
0.31000000000000016
0.31500000000000017
0.31500000000000017
0.31500000000000017
0.31500000000000017
0.31500000000000017
0.31500000000000017
0.31500000000000017
0.3200000000000002
0.3200000000000002
0.3250000000000002
0.3250000000000002
0.3250000000000002
0.3250000000000002
0.3250000000000002
0.3250000000000002
0.3250000000000002
0.3250000000000002
0.3250000000000002
0.3250000000000002
0.3250000000000002
0.3250000000000002
0.3250000000000002
0.3250000000000002
0.3250000000000002
0.3250000000000002
0.3250000000000002
0.3250000000000002
0.3250000000000002
0.3250000000000002
0.3250000000000002
0.3250000000000002
0.3250000000000002
0.3250000000000002
0.3250000000000002
0.3250000000000002
0.3250000000000002
0.3250000000000002
0.3250000000000002
0.3250000000000002
0.3250000000000002
0.3250000000000002
0.3250000000000002
0.3250000000000002
0.3250000000000002
0.3250000000000002
0.3250000000000002
0.3250000000000002
0.3250000000000002
0.3250000000000002
0.3250000000000002
0.3250000000000002
0.3250000000000002
0.3250000000000002
0.3250000000000002
0.3250000000000002
0.3250000000000002
0.3250000000000002
0.3250000000000002
0.3250000000000002
0.3250000000000002
0.3250000000000002
0.3250000000000002
0.3250000000000002
0.3250000000000002
0.3250000000000002
0.3250000000000002
0.3250000000000002
0.3250000000000002
0.3250000000000002
0.3250000000000002
0.3250000000000002
0.3250000000000002
0.3250000000000002
0.3250000000000002
0.3250000000000002
0.3250000000000002
0.3250000000000002
0.3250000000000002
0.3250000000000002
0.3250000000000002
0.3250000000000002
0.3250000000000002
0.3250000000000002
0.3250000000000002
0.3250000000000002
0.3250000000000002
0.3250000000000002
0.3250000000000002
0.3250000000000002
0.3250000000000002
0.3250000000000002
0.3250000000000002
0.3250000000000002
0.3250000000000002
0.3250000000000002
0.3250000000000002
0.3250000000000002
0.3250000000000002
0.3250000000000002
0.3250000000000002
0.3250000000000002
0.3250000000000002
0.3300000000000002
0.3300000000000002
0.3300000000000002
0.3300000000000002
0.3300000000000002
0.3300000000000002
0.3300000000000002
0.3300000000000002
0.3300000000000002
0.3300000000000002
0.3300000000000002
0.3300000000000002
0.3300000000000002
0.3300000000000002
0.3300000000000002
0.3300000000000002
0.3300000000000002
0.3300000000000002
0.3300000000000002
0.3300000000000002
0.3300000000000002
0.3300000000000002
0.3300000000000002
0.3300000000000002
0.3300000000000002
0.3300000000000002
0.3300000000000002
0.3300000000000002
0.3300000000000002
0.3300000000000002
0.3300000000000002
0.3300000000000002
0.3300000000000002
0.3300000000000002
0.3300000000000002
0.3300000000000002
0.3300000000000002
0.3300000000000002
0.3300000000000002
0.3300000000000002
0.3300000000000002
0.3300000000000002
0.3300000000000002
0.3300000000000002
0.3300000000000002
0.3300000000000002
0.3300000000000002
0.3300000000000002
0.3300000000000002
0.3300000000000002
0.3300000000000002
0.3300000000000002
0.3300000000000002
0.3300000000000002
0.3300000000000002
0.3300000000000002
0.3300000000000002
0.3300000000000002
0.3300000000000002
0.3300000000000002
0.3300000000000002
0.3300000000000002
0.3300000000000002
0.3300000000000002
0.3300000000000002
0.3350000000000002
0.3350000000000002
0.3350000000000002
0.3350000000000002
0.3350000000000002
0.3350000000000002
0.3350000000000002
0.3350000000000002
0.3350000000000002
0.3350000000000002
0.3350000000000002
0.3350000000000002
0.3350000000000002
0.3350000000000002
0.3350000000000002
0.3350000000000002
0.3350000000000002
0.3350000000000002
0.3350000000000002
0.3350000000000002
0.3350000000000002
0.3350000000000002
0.3350000000000002
0.3350000000000002
0.3350000000000002
0.3350000000000002
0.3350000000000002
0.3350000000000002
0.3350000000000002
0.3350000000000002
0.3350000000000002
0.3350000000000002
0.3350000000000002
0.3350000000000002
0.3400000000000002
0.3350000000000002
0.3350000000000002
0.3350000000000002
0.3350000000000002
0.3350000000000002
0.3350000000000002
0.3350000000000002
0.3350000000000002
0.3350000000000002
0.3350000000000002
0.3350000000000002
0.3350000000000002
0.3350000000000002
0.3350000000000002
0.3350000000000002
0.3350000000000002
0.3350000000000002
0.3350000000000002
0.3350000000000002
0.3350000000000002
0.3350000000000002
0.3350000000000002
0.3350000000000002
0.3350000000000002
0.3350000000000002
0.3350000000000002
0.3350000000000002
0.3350000000000002
0.3350000000000002
0.3350000000000002
0.3350000000000002
0.3350000000000002
0.3350000000000002
0.3350000000000002
0.3350000000000002
0.3350000000000002
0.3350000000000002
0.3350000000000002
0.3350000000000002
0.3350000000000002
0.3350000000000002
0.3350000000000002
0.3350000000000002
0.3350000000000002
0.3350000000000002
0.3350000000000002
0.3350000000000002
0.3350000000000002
0.3350000000000002
0.3350000000000002
0.3350000000000002
0.3350000000000002
0.3350000000000002
0.3350000000000002
0.3350000000000002
0.3350000000000002
0.3350000000000002
0.3350000000000002
0.3350000000000002
0.3350000000000002
0.3350000000000002
0.3350000000000002
0.3350000000000002
0.3350000000000002
0.3350000000000002
0.3350000000000002
0.3350000000000002
0.3350000000000002
0.3350000000000002
0.3350000000000002
0.3350000000000002
0.3350000000000002
0.3350000000000002
0.3350000000000002
0.3350000000000002
0.3350000000000002
0.3350000000000002
0.3350000000000002
0.3350000000000002
0.3350000000000002
0.3350000000000002
0.3350000000000002
0.3350000000000002
0.3350000000000002
0.3350000000000002
0.3350000000000002
0.3350000000000002
0.3350000000000002
0.3350000000000002
0.3350000000000002
0.3350000000000002
0.3350000000000002
0.3350000000000002
0.3350000000000002
0.3350000000000002
0.3350000000000002
0.3350000000000002
0.3350000000000002
0.3350000000000002
0.3350000000000002
0.3350000000000002
0.3350000000000002
0.3350000000000002
0.3350000000000002
0.3350000000000002
0.3350000000000002
0.3350000000000002
0.3350000000000002
0.3350000000000002
0.3350000000000002
0.3350000000000002
0.3350000000000002
0.3350000000000002
0.3350000000000002
0.3350000000000002
0.3350000000000002
0.3350000000000002
0.3350000000000002
0.3350000000000002
0.3350000000000002
0.3350000000000002
0.3350000000000002
0.3350000000000002
0.3350000000000002
0.3350000000000002
0.3350000000000002
0.3350000000000002
0.3350000000000002
0.3350000000000002
0.3350000000000002
0.3350000000000002
0.3350000000000002
0.3350000000000002
0.3350000000000002
0.3350000000000002
0.3350000000000002
0.3350000000000002
0.3350000000000002
0.3350000000000002
0.3350000000000002
0.3350000000000002
0.3350000000000002
0.3350000000000002
0.3350000000000002
0.3350000000000002
0.3350000000000002
0.3350000000000002
0.3350000000000002
0.3350000000000002
0.3350000000000002
0.3350000000000002
0.3350000000000002
0.3350000000000002
0.3350000000000002
0.3350000000000002
0.3350000000000002
0.3350000000000002
0.3350000000000002
0.3350000000000002
0.3350000000000002
0.3350000000000002
0.3350000000000002
0.3350000000000002
0.3350000000000002
0.3350000000000002
0.3350000000000002
0.3350000000000002
0.3350000000000002
0.3350000000000002
0.3350000000000002
0.3350000000000002
0.3350000000000002
0.3350000000000002
0.3350000000000002
0.3350000000000002
0.3350000000000002
0.3350000000000002
0.3350000000000002
0.3350000000000002
0.3350000000000002
0.3350000000000002
0.3350000000000002
0.3350000000000002
0.3350000000000002
0.3350000000000002
0.3350000000000002
0.3350000000000002
0.3350000000000002
0.3350000000000002
0.3350000000000002
0.3350000000000002
0.3350000000000002
0.3350000000000002
0.3350000000000002
0.3350000000000002
0.3350000000000002
0.3350000000000002
0.3350000000000002
0.3350000000000002
0.3350000000000002
0.3350000000000002
0.3350000000000002
0.3350000000000002
0.3350000000000002
0.3350000000000002
0.3350000000000002
0.3350000000000002
0.3350000000000002
0.3350000000000002
0.3350000000000002
0.3350000000000002
0.3350000000000002
0.3350000000000002
0.3350000000000002
0.3350000000000002
0.3350000000000002
0.3350000000000002
0.3350000000000002
0.3350000000000002
0.3350000000000002
0.3350000000000002
0.3350000000000002
0.3350000000000002
0.3350000000000002
0.3350000000000002
0.3350000000000002
0.3350000000000002
0.3350000000000002
0.3350000000000002
0.3350000000000002
0.3350000000000002
0.3350000000000002
0.3350000000000002
0.3350000000000002
0.3350000000000002
0.3350000000000002
0.3350000000000002
0.3350000000000002
0.3350000000000002
0.3350000000000002
0.3350000000000002
0.3350000000000002
0.3350000000000002
0.3350000000000002
0.3350000000000002
0.3350000000000002
0.3350000000000002
0.3350000000000002
0.3350000000000002
0.3350000000000002
0.3350000000000002
0.3350000000000002
0.3350000000000002
0.3350000000000002
0.3350000000000002
0.3350000000000002
0.3350000000000002
0.3350000000000002
0.3350000000000002
0.3350000000000002
0.3350000000000002
0.3350000000000002
0.3350000000000002
0.3350000000000002
0.3350000000000002
0.3350000000000002
0.3350000000000002
0.3350000000000002
0.3350000000000002
0.3350000000000002
0.3350000000000002
0.3350000000000002
0.3350000000000002
0.3350000000000002
0.3350000000000002
0.3350000000000002
0.3350000000000002
0.3350000000000002
0.3350000000000002
0.3350000000000002
0.3350000000000002
0.3350000000000002
0.3350000000000002
0.3350000000000002
0.3350000000000002
0.3350000000000002
0.3350000000000002
0.3350000000000002
0.3350000000000002
0.3350000000000002
0.3350000000000002
0.3350000000000002
0.3350000000000002
0.3350000000000002
0.3350000000000002
0.3350000000000002
0.3350000000000002
0.3350000000000002
0.3350000000000002
0.3350000000000002
0.3350000000000002
0.3350000000000002
0.3350000000000002
0.3350000000000002
0.3350000000000002
0.3350000000000002
0.3350000000000002
0.3350000000000002
0.3350000000000002
0.3350000000000002
0.3350000000000002
0.3350000000000002
0.3350000000000002
0.3350000000000002
0.3350000000000002
0.3350000000000002
0.3350000000000002
0.3350000000000002
0.3350000000000002
0.3350000000000002
0.3350000000000002
0.3350000000000002
0.3350000000000002
0.3350000000000002
0.3350000000000002
0.3350000000000002
0.3350000000000002
0.3350000000000002
0.3350000000000002
0.3350000000000002
0.3350000000000002
0.3350000000000002
0.3350000000000002
0.3350000000000002
0.3350000000000002
0.3350000000000002
0.3350000000000002
0.3350000000000002
0.3350000000000002
0.3350000000000002
0.3350000000000002
0.3350000000000002
0.3350000000000002
0.3350000000000002
0.3350000000000002
0.3350000000000002
0.3350000000000002
0.3350000000000002
0.3350000000000002
0.3350000000000002
0.3350000000000002
0.3350000000000002
0.3350000000000002
0.3350000000000002
0.3350000000000002
0.3350000000000002
0.3350000000000002
0.3350000000000002
0.3350000000000002
0.3350000000000002
0.3350000000000002
0.3350000000000002
0.3350000000000002
0.3350000000000002
0.3350000000000002
0.3350000000000002
0.3350000000000002
0.3350000000000002
0.3350000000000002
0.3350000000000002
0.3350000000000002
0.3350000000000002
0.3350000000000002
0.3350000000000002
0.3350000000000002
0.3350000000000002
0.3350000000000002
0.3350000000000002
0.3350000000000002
0.3350000000000002
0.3350000000000002
0.3350000000000002
0.3350000000000002
0.3350000000000002
0.3350000000000002
0.3350000000000002
0.3350000000000002
0.3350000000000002
0.3350000000000002
0.3350000000000002
0.3350000000000002
0.3350000000000002
0.3350000000000002
0.3350000000000002
0.3350000000000002
0.3350000000000002
0.3350000000000002
0.3350000000000002
0.3350000000000002
0.3350000000000002
0.3350000000000002
0.3350000000000002
0.3350000000000002
0.3350000000000002
0.3350000000000002
0.3350000000000002
0.3350000000000002
0.3350000000000002
0.3350000000000002
0.3350000000000002
0.3350000000000002
0.3350000000000002
0.3350000000000002
0.3350000000000002
0.3350000000000002
0.3350000000000002
0.3350000000000002
0.3350000000000002
0.3350000000000002
0.3350000000000002
0.3350000000000002
0.3350000000000002
0.3350000000000002
0.3350000000000002
0.3350000000000002
0.3350000000000002
0.3350000000000002
0.3350000000000002
0.3350000000000002
0.3350000000000002
0.3350000000000002
0.3350000000000002
0.3350000000000002
0.3350000000000002
0.3350000000000002
0.3350000000000002
0.3350000000000002
0.3350000000000002
0.3350000000000002
0.3350000000000002
0.3350000000000002
0.3350000000000002
0.3350000000000002
0.3350000000000002
0.3350000000000002
0.3350000000000002
0.3350000000000002
0.3350000000000002
0.3350000000000002
0.3350000000000002
0.3350000000000002
0.3350000000000002
0.3350000000000002
0.3350000000000002
0.3350000000000002
0.3350000000000002
0.3350000000000002
0.3350000000000002
0.3350000000000002
0.3350000000000002
0.3350000000000002
0.3350000000000002
0.3350000000000002
0.3350000000000002
0.3350000000000002
0.3350000000000002
0.3350000000000002
0.3350000000000002
0.3350000000000002
0.3350000000000002
0.3350000000000002
0.3350000000000002
0.3350000000000002
0.3350000000000002
0.3350000000000002
0.3350000000000002
0.3350000000000002
0.3350000000000002
0.3350000000000002
0.3350000000000002
0.3350000000000002
0.3350000000000002
0.3350000000000002
0.3350000000000002
0.3350000000000002
0.3350000000000002
0.3350000000000002
0.3350000000000002
0.3350000000000002
0.3350000000000002
0.3350000000000002
0.3350000000000002
0.3350000000000002
0.3350000000000002
0.3350000000000002
0.3350000000000002
0.3350000000000002
0.3350000000000002
0.3350000000000002
0.3350000000000002
0.3350000000000002
0.3350000000000002
0.3350000000000002
0.3350000000000002
0.3350000000000002
0.3350000000000002
0.3350000000000002
0.3350000000000002
0.3350000000000002
0.3350000000000002
0.3350000000000002
0.3350000000000002
0.3350000000000002
0.3350000000000002
0.3350000000000002
0.3350000000000002
0.3350000000000002
0.3350000000000002
0.3350000000000002
0.3350000000000002
0.3350000000000002
0.3350000000000002
0.3350000000000002
0.3350000000000002
0.3350000000000002
0.3350000000000002
0.3350000000000002
0.3350000000000002
0.3350000000000002
0.3350000000000002
0.3350000000000002
0.3350000000000002
0.3350000000000002
0.3350000000000002
0.3350000000000002
0.3350000000000002
0.3350000000000002
0.3350000000000002
0.3350000000000002
0.3350000000000002
0.3350000000000002
0.3350000000000002
0.3350000000000002
0.3350000000000002
0.3350000000000002
0.3350000000000002
0.3350000000000002
0.3350000000000002
0.3350000000000002
0.3350000000000002
0.3350000000000002
0.3350000000000002
0.3350000000000002
0.3350000000000002
0.3350000000000002
0.3350000000000002
0.3350000000000002
0.3350000000000002
0.3350000000000002
0.3350000000000002
0.3350000000000002
0.3350000000000002
0.3350000000000002
0.3350000000000002
0.3350000000000002
0.3350000000000002
0.3350000000000002
0.3350000000000002
0.3350000000000002
0.3350000000000002
0.3350000000000002
0.3350000000000002
0.3350000000000002
0.3350000000000002
0.3350000000000002
0.3350000000000002
0.3350000000000002
0.3350000000000002
0.3350000000000002
0.3350000000000002
0.3350000000000002
0.3350000000000002
0.3350000000000002
0.3350000000000002
0.3350000000000002
0.3350000000000002
0.3350000000000002
0.3350000000000002
0.3350000000000002
0.3350000000000002
0.3350000000000002
0.3350000000000002
0.3350000000000002
0.3350000000000002
0.3350000000000002
0.3350000000000002
0.3350000000000002
0.3350000000000002
0.3350000000000002
0.3350000000000002
0.3350000000000002
0.3350000000000002
0.3350000000000002
0.3350000000000002
0.3350000000000002
0.3350000000000002
0.3350000000000002
0.3350000000000002
0.3350000000000002
0.3350000000000002
0.3350000000000002
0.3350000000000002
0.3350000000000002
0.3350000000000002
0.3350000000000002
0.3350000000000002
0.3350000000000002
0.3350000000000002
0.3350000000000002
0.3350000000000002
0.3350000000000002
0.3350000000000002
0.3350000000000002
0.3350000000000002
0.3350000000000002
0.3350000000000002
0.3350000000000002
0.3350000000000002
0.3350000000000002
0.3350000000000002
0.3350000000000002
0.3350000000000002
0.3350000000000002
0.3350000000000002
0.3350000000000002
0.3350000000000002
0.3350000000000002
0.3350000000000002
0.3350000000000002
0.3350000000000002
0.3350000000000002
0.3350000000000002
0.3350000000000002
0.3350000000000002
0.3350000000000002
0.3350000000000002
0.3350000000000002
0.3350000000000002
0.3350000000000002
0.3350000000000002
0.3350000000000002
0.3350000000000002
0.3350000000000002
0.3350000000000002
0.3350000000000002
0.3350000000000002
0.3350000000000002
0.3350000000000002
0.3350000000000002
0.3350000000000002
0.3350000000000002
0.3350000000000002
0.3350000000000002
0.3350000000000002
0.3350000000000002
0.3350000000000002
0.3350000000000002
0.3350000000000002
0.3350000000000002
0.3350000000000002
0.3350000000000002
0.3350000000000002
0.3350000000000002
0.3350000000000002
0.3350000000000002
0.3350000000000002
0.3350000000000002
0.3350000000000002
0.3350000000000002
0.3350000000000002
0.3350000000000002
0.3350000000000002
0.3350000000000002
0.3350000000000002
0.3350000000000002
0.3350000000000002
0.3350000000000002
0.3350000000000002
0.3350000000000002
0.3350000000000002
0.3350000000000002
0.3350000000000002
0.3350000000000002
0.3350000000000002
0.3350000000000002
0.3350000000000002
0.3350000000000002
0.3350000000000002
0.3350000000000002
0.3350000000000002
0.3350000000000002
0.3350000000000002
0.3350000000000002
0.3350000000000002
0.3350000000000002
0.3350000000000002
0.3350000000000002
0.3350000000000002
0.3350000000000002
0.3350000000000002
0.3350000000000002
0.3350000000000002
0.3350000000000002
0.3350000000000002
0.3350000000000002
0.3350000000000002
0.3350000000000002
0.3350000000000002
0.3350000000000002
0.3350000000000002
0.3350000000000002
0.3350000000000002
0.3350000000000002
0.3350000000000002
0.3350000000000002
0.3350000000000002
0.3350000000000002
0.3350000000000002
0.3350000000000002
0.3350000000000002
0.3350000000000002
0.3350000000000002
0.3350000000000002
0.3350000000000002
0.3350000000000002
0.3350000000000002
0.3350000000000002
0.3350000000000002
0.3350000000000002
0.3350000000000002
0.3350000000000002
0.3350000000000002
0.3350000000000002
0.3350000000000002
0.3350000000000002
0.3350000000000002
0.3350000000000002
0.3350000000000002
0.3350000000000002
0.3350000000000002
0.3350000000000002
0.3350000000000002
0.3350000000000002
0.3350000000000002
0.3350000000000002
0.3350000000000002
0.3350000000000002
0.3350000000000002
0.3350000000000002
0.3350000000000002
0.3350000000000002
0.3350000000000002
0.3350000000000002
0.3350000000000002
0.3350000000000002
0.3350000000000002
0.3350000000000002
0.3350000000000002
0.3350000000000002
0.3350000000000002
0.3350000000000002
0.3350000000000002
0.3350000000000002
0.3350000000000002
