0.09500000000000001
0.14000000000000004
0.16500000000000006
0.1950000000000001
0.22500000000000012
0.22500000000000012
0.2150000000000001
0.24000000000000013
0.2600000000000001
0.2500000000000001
0.2650000000000001
0.27500000000000013
0.27000000000000013
0.27500000000000013
0.28000000000000014
0.27500000000000013
0.28500000000000014
0.28500000000000014
0.28500000000000014
0.29000000000000015
0.29000000000000015
0.29000000000000015
0.29000000000000015
0.29000000000000015
0.28500000000000014
0.30000000000000016
0.30500000000000016
0.31000000000000016
0.3200000000000002
0.30500000000000016
0.3200000000000002
0.31500000000000017
0.3250000000000002
0.3250000000000002
0.3250000000000002
0.3200000000000002
0.3250000000000002
0.3300000000000002
0.3350000000000002
0.3350000000000002
0.3350000000000002
0.3300000000000002
0.31000000000000016
0.3350000000000002
0.3350000000000002
0.3300000000000002
0.3400000000000002
0.3400000000000002
0.3450000000000002
0.3350000000000002
0.3400000000000002
0.3400000000000002
0.3400000000000002
0.3400000000000002
0.3450000000000002
0.3450000000000002
0.3350000000000002
0.3500000000000002
0.3500000000000002
0.3450000000000002
0.3550000000000002
0.3500000000000002
0.3400000000000002
0.3550000000000002
0.3600000000000002
0.3500000000000002
0.3500000000000002
0.3400000000000002
0.3400000000000002
0.3450000000000002
0.3550000000000002
0.3550000000000002
0.3650000000000002
0.3600000000000002
0.3600000000000002
0.3550000000000002
0.3600000000000002
0.3600000000000002
0.3650000000000002
0.3650000000000002
0.3650000000000002
0.3600000000000002
0.3600000000000002
0.3650000000000002
0.3600000000000002
0.3700000000000002
0.3700000000000002
0.3700000000000002
0.3750000000000002
0.3700000000000002
0.3700000000000002
0.3700000000000002
0.3650000000000002
0.3700000000000002
0.3700000000000002
0.3700000000000002
0.3750000000000002
0.3650000000000002
0.3700000000000002
0.3650000000000002
0.3650000000000002
0.3700000000000002
0.3650000000000002
0.3650000000000002
0.3700000000000002
0.3750000000000002
0.3700000000000002
0.3750000000000002
0.3700000000000002
0.3750000000000002
0.3750000000000002
0.3750000000000002
0.3800000000000002
0.3750000000000002
0.3750000000000002
0.3700000000000002
0.3700000000000002
0.3750000000000002
0.3700000000000002
0.3650000000000002
0.3700000000000002
0.3700000000000002
0.3700000000000002
0.3750000000000002
0.3700000000000002
0.3700000000000002
0.3650000000000002
0.3750000000000002
0.3650000000000002
0.3700000000000002
0.3750000000000002
0.3700000000000002
0.3750000000000002
0.3750000000000002
0.3750000000000002
0.3800000000000002
0.3750000000000002
0.3800000000000002
0.38500000000000023
0.3800000000000002
0.38500000000000023
0.38500000000000023
0.3800000000000002
0.38500000000000023
0.39000000000000024
0.3800000000000002
0.3750000000000002
0.38500000000000023
0.38500000000000023
0.39000000000000024
0.3800000000000002
0.38500000000000023
0.3750000000000002
0.38500000000000023
0.3700000000000002
0.3700000000000002
0.3750000000000002
0.38500000000000023
0.39000000000000024
0.38500000000000023
0.39000000000000024
0.39000000000000024
0.38500000000000023
0.3800000000000002
0.39000000000000024
0.39000000000000024
0.39000000000000024
0.3800000000000002
0.3750000000000002
0.38500000000000023
0.39000000000000024
0.38500000000000023
0.39000000000000024
0.39500000000000024
0.39500000000000024
0.40000000000000024
0.39500000000000024
0.40000000000000024
0.39500000000000024
0.40000000000000024
0.40000000000000024
0.40000000000000024
0.40000000000000024
0.40000000000000024
0.39500000000000024
0.40500000000000025
0.40500000000000025
0.40500000000000025
0.40000000000000024
0.40500000000000025
0.40500000000000025
0.40000000000000024
0.40000000000000024
0.40000000000000024
0.40500000000000025
0.39500000000000024
0.39500000000000024
0.40000000000000024
0.40000000000000024
0.40500000000000025
0.39500000000000024
0.40000000000000024
0.39500000000000024
0.40500000000000025
0.40000000000000024
0.40500000000000025
0.40500000000000025
0.40000000000000024
0.40000000000000024
0.40500000000000025
0.40000000000000024
0.40500000000000025
0.40500000000000025
0.40000000000000024
0.40500000000000025
0.40000000000000024
0.40000000000000024
0.39500000000000024
0.40500000000000025
0.40500000000000025
0.40500000000000025
0.39500000000000024
0.39500000000000024
0.40500000000000025
0.41000000000000025
0.40500000000000025
0.41000000000000025
0.41000000000000025
0.41000000000000025
0.40000000000000024
0.40000000000000024
0.39500000000000024
0.40000000000000024
0.41500000000000026
0.41000000000000025
0.41500000000000026
0.41500000000000026
0.41000000000000025
0.41000000000000025
0.41500000000000026
0.41000000000000025
0.41000000000000025
0.41500000000000026
0.42000000000000026
0.41000000000000025
0.41500000000000026
0.41500000000000026
0.41500000000000026
0.42000000000000026
0.41500000000000026
0.42000000000000026
0.42000000000000026
0.42000000000000026
0.41500000000000026
0.42500000000000027
0.41500000000000026
0.41500000000000026
0.42000000000000026
0.40500000000000025
0.41500000000000026
0.42500000000000027
0.42000000000000026
0.42000000000000026
0.42500000000000027
0.42500000000000027
0.42500000000000027
0.42500000000000027
0.42500000000000027
0.42000000000000026
0.43000000000000027
0.42500000000000027
0.43000000000000027
0.43000000000000027
0.42500000000000027
0.42500000000000027
0.42500000000000027
0.42500000000000027
0.43000000000000027
0.43000000000000027
0.43000000000000027
0.4350000000000003
0.4350000000000003
0.42500000000000027
0.42500000000000027
0.42500000000000027
0.42500000000000027
0.41500000000000026
0.42000000000000026
0.42000000000000026
0.42500000000000027
0.42500000000000027
0.42500000000000027
0.42500000000000027
0.42500000000000027
0.42000000000000026
0.42500000000000027
0.42000000000000026
0.42000000000000026
0.42500000000000027
0.43000000000000027
0.43000000000000027
0.42500000000000027
0.42500000000000027
0.43000000000000027
0.42000000000000026
0.42500000000000027
0.43000000000000027
0.43000000000000027
0.43000000000000027
0.43000000000000027
0.42500000000000027
0.42500000000000027
0.43000000000000027
0.42500000000000027
0.43000000000000027
0.4350000000000003
0.43000000000000027
0.43000000000000027
0.4400000000000003
0.4350000000000003
0.4400000000000003
0.4450000000000003
0.4400000000000003
0.4450000000000003
0.4450000000000003
0.4450000000000003
0.4500000000000003
0.4500000000000003
0.4500000000000003
0.4500000000000003
0.4500000000000003
0.4550000000000003
0.4500000000000003
0.4400000000000003
0.4550000000000003
0.4600000000000003
0.4600000000000003
0.4550000000000003
0.4600000000000003
0.4650000000000003
0.4700000000000003
0.4550000000000003
0.4650000000000003
0.4500000000000003
0.4600000000000003
0.4550000000000003
0.4650000000000003
0.4550000000000003
0.4650000000000003
0.4550000000000003
0.4600000000000003
0.4650000000000003
0.4400000000000003
0.4550000000000003
0.4600000000000003
0.4600000000000003
0.4700000000000003
0.4700000000000003
0.4650000000000003
0.4600000000000003
0.4600000000000003
0.4600000000000003
0.4600000000000003
0.4750000000000003
0.4650000000000003
0.4700000000000003
0.4700000000000003
0.4700000000000003
0.4750000000000003
0.4550000000000003
0.4700000000000003
0.4600000000000003
0.4600000000000003
0.4700000000000003
0.4700000000000003
0.4650000000000003
0.4700000000000003
0.4650000000000003
0.4550000000000003
0.4700000000000003
0.4700000000000003
0.4700000000000003
0.4700000000000003
0.4550000000000003
0.4600000000000003
0.4750000000000003
0.4700000000000003
0.4600000000000003
0.4550000000000003
0.4650000000000003
0.4650000000000003
0.4700000000000003
0.4700000000000003
0.4650000000000003
0.4750000000000003
0.4700000000000003
0.4550000000000003
0.4750000000000003
0.4800000000000003
0.4800000000000003
0.4750000000000003
0.4750000000000003
0.4850000000000003
0.4750000000000003
0.4800000000000003
0.4700000000000003
0.4800000000000003
0.4800000000000003
0.4750000000000003
0.4750000000000003
0.4750000000000003
0.4800000000000003
0.4850000000000003
0.4850000000000003
0.4850000000000003
0.4850000000000003
0.4800000000000003
0.4850000000000003
0.4800000000000003
0.4900000000000003
0.4900000000000003
0.4800000000000003
0.4850000000000003
0.4900000000000003
0.49500000000000033
0.4900000000000003
0.4800000000000003
0.4900000000000003
0.4850000000000003
0.4900000000000003
0.4900000000000003
0.4900000000000003
0.49500000000000033
0.4900000000000003
0.4900000000000003
0.4900000000000003
0.4800000000000003
0.4850000000000003
0.4900000000000003
0.4850000000000003
0.4900000000000003
0.4900000000000003
0.4850000000000003
0.4900000000000003
0.4900000000000003
0.4850000000000003
0.4900000000000003
0.4900000000000003
0.4900000000000003
0.4900000000000003
0.4850000000000003
0.4750000000000003
0.4850000000000003
0.4900000000000003
0.4900000000000003
0.4800000000000003
0.4750000000000003
0.49500000000000033
0.49500000000000033
0.4850000000000003
0.49500000000000033
0.4850000000000003
0.4850000000000003
0.49500000000000033
0.4900000000000003
0.4900000000000003
0.4850000000000003
0.49500000000000033
0.49500000000000033
0.49500000000000033
0.49500000000000033
0.4900000000000003
0.4900000000000003
0.4900000000000003
0.4850000000000003
0.4900000000000003
0.4850000000000003
0.49500000000000033
0.49500000000000033
0.4850000000000003
0.4900000000000003
0.4900000000000003
0.4900000000000003
0.49500000000000033
0.4900000000000003
0.4900000000000003
0.49500000000000033
0.49500000000000033
0.49500000000000033
0.4900000000000003
0.5000000000000003
0.5000000000000003
0.49500000000000033
0.5000000000000003
0.5050000000000003
0.5050000000000003
0.5000000000000003
0.49500000000000033
0.49500000000000033
0.5050000000000003
0.5050000000000003
0.5100000000000003
0.5050000000000003
0.5100000000000003
0.5050000000000003
0.5100000000000003
0.5100000000000003
0.5000000000000003
0.5100000000000003
0.5050000000000003
0.5000000000000003
0.5050000000000003
0.5050000000000003
0.49500000000000033
0.5000000000000003
0.5050000000000003
0.5050000000000003
0.5050000000000003
0.5000000000000003
0.5000000000000003
0.5100000000000003
0.5000000000000003
0.5100000000000003
0.5050000000000003
0.5050000000000003
0.5000000000000003
0.5100000000000003
0.5100000000000003
0.5000000000000003
0.5050000000000003
0.5050000000000003
0.5100000000000003
0.5050000000000003
0.5100000000000003
0.5000000000000003
0.5100000000000003
0.5000000000000003
0.5050000000000003
0.5050000000000003
0.5050000000000003
0.5050000000000003
0.5000000000000003
0.5050000000000003
0.5050000000000003
0.5050000000000003
0.5000000000000003
0.49500000000000033
0.5100000000000003
0.5050000000000003
0.5000000000000003
0.5100000000000003
0.5050000000000003
0.5050000000000003
0.5100000000000003
0.5150000000000003
0.5200000000000004
0.5100000000000003
0.5200000000000004
0.5200000000000004
0.5250000000000004
0.5150000000000003
0.5250000000000004
0.5150000000000003
0.5100000000000003
0.5100000000000003
0.5050000000000003
0.5100000000000003
0.5050000000000003
0.5100000000000003
0.5200000000000004
0.5100000000000003
0.5050000000000003
0.5050000000000003
0.5100000000000003
0.5050000000000003
0.5100000000000003
0.5100000000000003
0.5100000000000003
0.5150000000000003
0.5050000000000003
0.5150000000000003
0.5100000000000003
0.5000000000000003
0.5150000000000003
0.5100000000000003
0.5100000000000003
0.5100000000000003
0.5100000000000003
0.5100000000000003
0.5150000000000003
0.5100000000000003
0.5000000000000003
0.5000000000000003
0.5050000000000003
0.5000000000000003
0.5050000000000003
0.5100000000000003
0.5050000000000003
0.5100000000000003
0.5150000000000003
0.5150000000000003
0.5100000000000003
0.5150000000000003
0.5100000000000003
0.5150000000000003
0.5150000000000003
0.5150000000000003
0.5100000000000003
0.5150000000000003
0.5150000000000003
0.5150000000000003
0.5100000000000003
0.5150000000000003
0.5100000000000003
0.5150000000000003
0.5150000000000003
0.5150000000000003
0.5100000000000003
0.5100000000000003
0.5100000000000003
0.5050000000000003
0.5150000000000003
0.5150000000000003
0.5100000000000003
0.5050000000000003
0.5050000000000003
0.5050000000000003
0.5100000000000003
0.5150000000000003
0.5200000000000004
0.5150000000000003
0.5100000000000003
0.5200000000000004
0.5150000000000003
0.5200000000000004
0.5200000000000004
0.5100000000000003
0.5250000000000004
0.5250000000000004
0.5200000000000004
0.5150000000000003
0.5200000000000004
0.5200000000000004
0.5150000000000003
0.5150000000000003
0.5150000000000003
0.5150000000000003
0.5200000000000004
0.5250000000000004
0.5150000000000003
0.5250000000000004
0.5250000000000004
0.5250000000000004
0.5200000000000004
0.5200000000000004
0.5250000000000004
0.5250000000000004
0.5150000000000003
0.5250000000000004
0.5250000000000004
0.5150000000000003
0.5300000000000004
0.5250000000000004
0.5300000000000004
0.5300000000000004
0.5300000000000004
0.5250000000000004
0.5300000000000004
0.5350000000000004
0.5250000000000004
0.5250000000000004
0.5300000000000004
0.5300000000000004
0.5300000000000004
0.5200000000000004
0.5250000000000004
0.5250000000000004
0.5250000000000004
0.5350000000000004
0.5350000000000004
0.5300000000000004
0.5300000000000004
0.5300000000000004
0.5350000000000004
0.5300000000000004
0.5200000000000004
0.5250000000000004
0.5300000000000004
0.5300000000000004
0.5200000000000004
0.5250000000000004
0.5300000000000004
0.5250000000000004
0.5250000000000004
0.5300000000000004
0.5200000000000004
0.5300000000000004
0.5350000000000004
0.5300000000000004
0.5400000000000004
0.5400000000000004
0.5400000000000004
0.5400000000000004
0.5350000000000004
0.5350000000000004
0.5350000000000004
0.5400000000000004
0.5350000000000004
0.5350000000000004
0.5400000000000004
0.5400000000000004
0.5400000000000004
0.5350000000000004
0.5300000000000004
0.5300000000000004
0.5250000000000004
0.5300000000000004
0.5250000000000004
0.5400000000000004
0.5400000000000004
0.5350000000000004
0.5350000000000004
0.5450000000000004
0.5400000000000004
0.5400000000000004
0.5500000000000004
0.5500000000000004
0.5550000000000004
0.5450000000000004
0.5550000000000004
0.5500000000000004
0.5600000000000004
0.5500000000000004
0.5400000000000004
0.5450000000000004
0.5500000000000004
0.5500000000000004
0.5350000000000004
0.5450000000000004
0.5500000000000004
0.5550000000000004
0.5550000000000004
0.5450000000000004
0.5500000000000004
0.5400000000000004
0.5500000000000004
0.5500000000000004
0.5500000000000004
0.5550000000000004
0.5450000000000004
0.5450000000000004
0.5450000000000004
0.5500000000000004
0.5500000000000004
0.5450000000000004
0.5450000000000004
0.5500000000000004
0.5450000000000004
0.5400000000000004
0.5450000000000004
0.5400000000000004
0.5600000000000004
0.5500000000000004
0.5500000000000004
0.5550000000000004
0.5500000000000004
0.5550000000000004
0.5500000000000004
0.5550000000000004
0.5500000000000004
0.5350000000000004
0.5550000000000004
0.5550000000000004
0.5550000000000004
0.5500000000000004
0.5550000000000004
0.5550000000000004
0.5500000000000004
0.5550000000000004
0.5500000000000004
0.5450000000000004
0.5500000000000004
0.5600000000000004
0.5600000000000004
0.5550000000000004
0.5600000000000004
0.5450000000000004
0.5600000000000004
0.5550000000000004
0.5600000000000004
0.5600000000000004
0.5450000000000004
0.5600000000000004
0.5550000000000004
0.5550000000000004
0.5600000000000004
0.5500000000000004
0.5500000000000004
0.5500000000000004
0.5550000000000004
0.5550000000000004
0.5600000000000004
0.5550000000000004
0.5650000000000004
0.5500000000000004
0.5550000000000004
0.5600000000000004
0.5500000000000004
0.5500000000000004
0.5600000000000004
0.5500000000000004
0.5600000000000004
0.5600000000000004
0.5600000000000004
0.5600000000000004
0.5600000000000004
0.5650000000000004
0.5550000000000004
0.5650000000000004
0.5550000000000004
0.5600000000000004
0.5550000000000004
0.5600000000000004
0.5650000000000004
0.5600000000000004
0.5600000000000004
0.5650000000000004
0.5600000000000004
0.5600000000000004
0.5550000000000004
0.5650000000000004
0.5550000000000004
0.5600000000000004
0.5500000000000004
0.5550000000000004
0.5550000000000004
0.5550000000000004
0.5700000000000004
0.5700000000000004
0.5650000000000004
0.5650000000000004
0.5700000000000004
0.5550000000000004
0.5650000000000004
0.5650000000000004
0.5500000000000004
0.5600000000000004
0.5650000000000004
0.5600000000000004
0.5700000000000004
0.5700000000000004
0.5650000000000004
0.5650000000000004
0.5700000000000004
0.5700000000000004
0.5650000000000004
0.5650000000000004
0.5650000000000004
0.5700000000000004
0.5550000000000004
0.5650000000000004
0.5550000000000004
0.5700000000000004
0.5600000000000004
0.5600000000000004
0.5700000000000004
0.5750000000000004
0.5650000000000004
0.5650000000000004
0.5650000000000004
0.5650000000000004
0.5700000000000004
0.5650000000000004
0.5600000000000004
0.5700000000000004
0.5650000000000004
0.5650000000000004
0.5600000000000004
0.5650000000000004
0.5600000000000004
0.5700000000000004
0.5650000000000004
0.5650000000000004
0.5650000000000004
0.5650000000000004
0.5650000000000004
0.5650000000000004
0.5700000000000004
0.5650000000000004
0.5600000000000004
0.5650000000000004
0.5600000000000004
0.5650000000000004
0.5700000000000004
0.5700000000000004
0.5700000000000004
0.5700000000000004
0.5650000000000004
0.5500000000000004
0.5650000000000004
0.5650000000000004
0.5700000000000004
0.5700000000000004
0.5600000000000004
0.5600000000000004
0.5650000000000004
0.5700000000000004
0.5600000000000004
0.5550000000000004
0.5500000000000004
0.5450000000000004
0.5650000000000004
0.5650000000000004
0.5700000000000004
0.5700000000000004
0.5700000000000004
0.5700000000000004
0.5700000000000004
0.5700000000000004
0.5700000000000004
0.5600000000000004
0.5600000000000004
0.5750000000000004
0.5650000000000004
0.5700000000000004
0.5700000000000004
0.5650000000000004
0.5700000000000004
0.5600000000000004
0.5650000000000004
0.5450000000000004
0.5600000000000004
0.5650000000000004
0.5700000000000004
0.5700000000000004
0.5700000000000004
0.5650000000000004
0.5650000000000004
0.5600000000000004
0.5700000000000004
0.5800000000000004
0.5800000000000004
0.5700000000000004
0.5700000000000004
0.5700000000000004
0.5750000000000004
0.5750000000000004
0.5700000000000004
0.5700000000000004
0.5750000000000004
0.5750000000000004
0.5750000000000004
0.5600000000000004
0.5650000000000004
0.5650000000000004
0.5700000000000004
0.5650000000000004
0.5700000000000004
0.5750000000000004
0.5650000000000004
0.5800000000000004
0.5750000000000004
0.5750000000000004
0.5750000000000004
0.5750000000000004
0.5600000000000004
0.5800000000000004
0.5800000000000004
0.5700000000000004
0.5750000000000004
0.5700000000000004
0.5700000000000004
0.5750000000000004
0.5700000000000004
0.5650000000000004
0.5650000000000004
0.5650000000000004
0.5750000000000004
0.5650000000000004
0.5650000000000004
0.5750000000000004
0.5700000000000004
0.5700000000000004
0.5700000000000004
0.5650000000000004
0.5700000000000004
0.5700000000000004
0.5650000000000004
0.5700000000000004
0.5700000000000004
0.5800000000000004
0.5650000000000004
0.5800000000000004
0.5750000000000004
0.5700000000000004
0.5600000000000004
0.5750000000000004
0.5650000000000004
0.5700000000000004
0.5700000000000004
