0.09000000000000001
0.12500000000000003
0.11500000000000003
0.16500000000000006
0.1950000000000001
0.2100000000000001
0.23000000000000012
0.23000000000000012
0.2500000000000001
0.27000000000000013
0.2500000000000001
0.29000000000000015
0.30000000000000016
0.29000000000000015
0.31500000000000017
0.30000000000000016
0.31000000000000016
0.3350000000000002
0.3500000000000002
0.3600000000000002
0.3550000000000002
0.3450000000000002
0.3700000000000002
0.3400000000000002
0.3700000000000002
0.3400000000000002
0.38500000000000023
0.38500000000000023
0.3700000000000002
0.39000000000000024
0.41000000000000025
0.41500000000000026
0.40500000000000025
0.3700000000000002
0.42500000000000027
0.3550000000000002
0.39500000000000024
0.40000000000000024
0.42500000000000027
0.4500000000000003
0.4350000000000003
0.4500000000000003
0.4450000000000003
0.4700000000000003
0.4450000000000003
0.4600000000000003
0.4700000000000003
0.4650000000000003
0.4700000000000003
0.4800000000000003
0.4750000000000003
0.4750000000000003
0.4600000000000003
0.4800000000000003
0.5000000000000003
0.4850000000000003
0.5000000000000003
0.4600000000000003
0.4650000000000003
0.49500000000000033
0.4900000000000003
0.4750000000000003
0.5150000000000003
0.5100000000000003
0.4750000000000003
0.49500000000000033
0.5000000000000003
0.49500000000000033
0.49500000000000033
0.4850000000000003
0.5150000000000003
0.5150000000000003
0.5000000000000003
0.4800000000000003
0.5200000000000004
0.4650000000000003
0.5000000000000003
0.4900000000000003
0.49500000000000033
0.49500000000000033
0.5050000000000003
0.5200000000000004
0.5050000000000003
0.5300000000000004
0.5050000000000003
0.5050000000000003
0.5150000000000003
0.5050000000000003
0.4900000000000003
0.4850000000000003
0.5200000000000004
0.5300000000000004
0.4850000000000003
0.5250000000000004
0.5450000000000004
0.5350000000000004
0.5150000000000003
0.5350000000000004
0.5450000000000004
0.5450000000000004
0.5250000000000004
0.5300000000000004
0.5450000000000004
0.5450000000000004
0.5550000000000004
0.5300000000000004
0.5250000000000004
0.5350000000000004
0.5250000000000004
0.5600000000000004
0.5350000000000004
0.5100000000000003
0.5450000000000004
0.5400000000000004
0.5550000000000004
0.5500000000000004
0.5250000000000004
0.5550000000000004
0.5650000000000004
0.5600000000000004
0.5700000000000004
0.5700000000000004
0.5700000000000004
0.5650000000000004
0.5750000000000004
0.5650000000000004
0.5700000000000004
0.5700000000000004
0.5600000000000004
0.5450000000000004
0.5900000000000004
0.5750000000000004
0.5900000000000004
0.6000000000000004
0.6050000000000004
0.6100000000000004
0.6000000000000004
0.6400000000000005
0.6000000000000004
0.6000000000000004
0.5950000000000004
0.6150000000000004
0.5900000000000004
0.5800000000000004
0.5950000000000004
0.6150000000000004
0.5750000000000004
0.5800000000000004
0.5950000000000004
0.6150000000000004
0.6100000000000004
0.5950000000000004
0.6250000000000004
0.6300000000000004
0.6150000000000004
0.6250000000000004
0.6100000000000004
0.6350000000000005
0.6000000000000004
0.5650000000000004
0.6200000000000004
0.6100000000000004
0.6150000000000004
0.6000000000000004
0.5850000000000004
0.5850000000000004
0.6100000000000004
0.6450000000000005
0.6300000000000004
0.6450000000000005
0.6650000000000005
0.6200000000000004
0.6350000000000005
0.6600000000000005
0.6550000000000005
0.6250000000000004
0.6250000000000004
0.6400000000000005
0.6500000000000005
0.6500000000000005
0.6450000000000005
0.6400000000000005
0.6500000000000005
0.6650000000000005
0.6800000000000005
0.6050000000000004
0.6500000000000005
0.6250000000000004
0.6350000000000005
0.6350000000000005
0.6400000000000005
0.6450000000000005
0.6200000000000004
0.6050000000000004
0.6200000000000004
0.6350000000000005
0.6300000000000004
0.6450000000000005
0.6450000000000005
0.6300000000000004
0.6650000000000005
0.6500000000000005
0.6200000000000004
0.6350000000000005
0.6500000000000005
0.6250000000000004
0.6400000000000005
0.6850000000000005
0.6300000000000004
0.6500000000000005
0.6150000000000004
0.6500000000000005
0.6550000000000005
0.6350000000000005
0.6750000000000005
0.6600000000000005
0.6900000000000005
0.6650000000000005
0.6450000000000005
0.6800000000000005
0.6850000000000005
0.6500000000000005
0.6600000000000005
0.6550000000000005
0.6400000000000005
0.6500000000000005
0.6950000000000005
0.6700000000000005
0.6600000000000005
0.6650000000000005
0.6700000000000005
0.6550000000000005
0.6800000000000005
0.6550000000000005
0.6450000000000005
0.6600000000000005
0.6600000000000005
0.6600000000000005
0.6400000000000005
0.6600000000000005
0.6450000000000005
0.6700000000000005
0.6750000000000005
0.6350000000000005
0.6700000000000005
0.6750000000000005
0.6600000000000005
0.6650000000000005
0.6550000000000005
0.6800000000000005
0.7100000000000005
0.6950000000000005
0.6750000000000005
0.6800000000000005
0.6800000000000005
0.7200000000000005
0.6550000000000005
0.6750000000000005
0.6600000000000005
0.6800000000000005
0.6600000000000005
0.6600000000000005
0.6900000000000005
0.7050000000000005
0.6950000000000005
0.6550000000000005
0.6900000000000005
0.6600000000000005
0.6800000000000005
0.6750000000000005
0.7000000000000005
0.6900000000000005
0.6800000000000005
0.6950000000000005
0.6750000000000005
0.6750000000000005
0.6750000000000005
0.6750000000000005
0.7200000000000005
0.7100000000000005
0.7050000000000005
0.7050000000000005
0.7050000000000005
0.7300000000000005
0.7150000000000005
0.7100000000000005
0.7000000000000005
0.6750000000000005
0.7000000000000005
0.7250000000000005
0.6900000000000005
0.7050000000000005
0.6850000000000005
0.7000000000000005
0.6900000000000005
0.6800000000000005
0.6950000000000005
0.7000000000000005
0.6950000000000005
0.7100000000000005
0.7250000000000005
0.7200000000000005
0.7100000000000005
0.7000000000000005
0.7350000000000005
0.6750000000000005
0.7000000000000005
0.7150000000000005
0.6750000000000005
0.7300000000000005
0.7200000000000005
0.7100000000000005
0.7150000000000005
0.7250000000000005
0.7200000000000005
0.7050000000000005
0.7450000000000006
0.7200000000000005
0.7450000000000006
0.7450000000000006
0.7100000000000005
0.7100000000000005
0.7050000000000005
0.6850000000000005
0.7350000000000005
0.7200000000000005
0.6850000000000005
0.6900000000000005
0.7600000000000006
0.7200000000000005
0.7450000000000006
0.7100000000000005
0.7400000000000005
0.7200000000000005
0.7400000000000005
0.7450000000000006
0.7250000000000005
0.7250000000000005
0.7550000000000006
0.7750000000000006
0.7200000000000005
0.7600000000000006
0.7600000000000006
0.7600000000000006
0.7150000000000005
0.7250000000000005
0.7650000000000006
0.7650000000000006
0.7700000000000006
0.7100000000000005
0.7350000000000005
0.7600000000000006
0.7300000000000005
0.7350000000000005
0.7400000000000005
0.7550000000000006
0.7400000000000005
0.7700000000000006
0.7000000000000005
0.7250000000000005
0.7350000000000005
0.7400000000000005
0.7250000000000005
0.7500000000000006
0.7300000000000005
0.7450000000000006
0.7400000000000005
0.7450000000000006
0.7300000000000005
0.7600000000000006
0.7450000000000006
0.7400000000000005
0.7500000000000006
0.7250000000000005
0.7450000000000006
0.7200000000000005
0.7300000000000005
0.7400000000000005
0.7450000000000006
0.7450000000000006
0.6950000000000005
0.7600000000000006
0.7750000000000006
0.7350000000000005
0.7800000000000006
0.7500000000000006
0.7750000000000006
0.7500000000000006
0.7350000000000005
0.7600000000000006
0.7500000000000006
0.7500000000000006
0.7550000000000006
0.7750000000000006
0.7750000000000006
0.7650000000000006
0.7700000000000006
0.7950000000000006
0.7650000000000006
0.7350000000000005
0.7450000000000006
0.6900000000000005
0.7500000000000006
0.7750000000000006
0.7800000000000006
0.7650000000000006
0.7800000000000006
0.7500000000000006
0.7900000000000006
0.8100000000000006
0.7600000000000006
0.7550000000000006
0.7600000000000006
0.7500000000000006
0.7400000000000005
0.7550000000000006
0.7850000000000006
0.7500000000000006
0.7500000000000006
0.7400000000000005
0.7550000000000006
0.7800000000000006
0.7450000000000006
0.7750000000000006
0.7550000000000006
0.7800000000000006
0.7750000000000006
0.7550000000000006
0.7900000000000006
0.7900000000000006
0.7850000000000006
0.7350000000000005
0.7700000000000006
0.7600000000000006
0.7550000000000006
0.7600000000000006
0.7400000000000005
0.7550000000000006
0.7650000000000006
0.7750000000000006
0.7500000000000006
0.7800000000000006
0.7550000000000006
0.7600000000000006
0.7450000000000006
0.7850000000000006
0.7600000000000006
0.7650000000000006
0.7750000000000006
0.7950000000000006
0.7350000000000005
0.7900000000000006
0.7850000000000006
0.7850000000000006
0.7500000000000006
0.7250000000000005
0.7400000000000005
0.7700000000000006
0.7700000000000006
0.7450000000000006
0.7950000000000006
0.7800000000000006
0.7350000000000005
0.7400000000000005
0.8050000000000006
0.7800000000000006
0.7800000000000006
0.7800000000000006
0.7550000000000006
0.7700000000000006
0.7750000000000006
0.8000000000000006
0.7850000000000006
0.7200000000000005
0.7650000000000006
0.7700000000000006
0.7600000000000006
0.7600000000000006
0.7500000000000006
0.7600000000000006
0.7800000000000006
0.7950000000000006
0.7350000000000005
0.7750000000000006
0.7350000000000005
0.7650000000000006
0.7700000000000006
0.7700000000000006
0.7500000000000006
0.7650000000000006
0.7650000000000006
0.7550000000000006
0.7750000000000006
0.7500000000000006
0.7600000000000006
0.7750000000000006
0.7650000000000006
0.7800000000000006
0.7600000000000006
0.7500000000000006
0.7550000000000006
0.7550000000000006
0.7750000000000006
0.7850000000000006
0.7700000000000006
0.7800000000000006
0.7600000000000006
0.7500000000000006
0.7650000000000006
0.7800000000000006
0.7850000000000006
0.7600000000000006
0.7950000000000006
0.7600000000000006
0.7700000000000006
0.7800000000000006
0.7550000000000006
0.7500000000000006
0.7850000000000006
0.7750000000000006
0.7700000000000006
0.7650000000000006
0.7700000000000006
0.7650000000000006
0.7600000000000006
0.7950000000000006
0.7900000000000006
0.7650000000000006
0.7600000000000006
0.7500000000000006
0.7650000000000006
0.7700000000000006
0.7650000000000006
0.7950000000000006
0.7800000000000006
0.7300000000000005
0.7900000000000006
0.7750000000000006
0.7850000000000006
0.7400000000000005
0.7500000000000006
0.7850000000000006
0.7800000000000006
0.8100000000000006
0.7700000000000006
0.7850000000000006
0.7450000000000006
0.7600000000000006
0.7600000000000006
0.7650000000000006
0.7800000000000006
0.7800000000000006
0.7700000000000006
0.7400000000000005
0.7750000000000006
0.7550000000000006
0.7700000000000006
0.7650000000000006
0.7850000000000006
0.7900000000000006
0.7750000000000006
0.7650000000000006
0.7350000000000005
0.7450000000000006
0.7650000000000006
0.7900000000000006
0.7350000000000005
0.7800000000000006
0.7900000000000006
0.7650000000000006
0.7700000000000006
0.8000000000000006
0.7700000000000006
0.7450000000000006
0.7150000000000005
0.7600000000000006
0.7300000000000005
0.7350000000000005
0.7550000000000006
0.7650000000000006
0.7800000000000006
0.7350000000000005
0.7300000000000005
0.8000000000000006
0.7700000000000006
0.7700000000000006
0.7900000000000006
0.7850000000000006
0.7700000000000006
0.7350000000000005
0.7950000000000006
0.7700000000000006
0.7600000000000006
0.7100000000000005
0.7550000000000006
0.7550000000000006
0.7750000000000006
0.7600000000000006
0.7350000000000005
0.7800000000000006
0.7750000000000006
0.7700000000000006
0.7800000000000006
0.7800000000000006
0.7800000000000006
0.7700000000000006
0.7800000000000006
0.7900000000000006
0.7850000000000006
0.7450000000000006
0.7550000000000006
0.7750000000000006
0.7650000000000006
0.7500000000000006
0.7600000000000006
0.7850000000000006
0.8000000000000006
0.7800000000000006
0.7700000000000006
0.8150000000000006
0.8200000000000006
0.7700000000000006
0.7400000000000005
0.7950000000000006
0.8000000000000006
0.7500000000000006
0.7800000000000006
0.8000000000000006
0.8000000000000006
0.8050000000000006
0.7550000000000006
0.7700000000000006
0.7950000000000006
0.7800000000000006
0.8000000000000006
0.8050000000000006
0.8050000000000006
0.8000000000000006
0.8300000000000006
0.7800000000000006
0.8100000000000006
0.8000000000000006
0.7800000000000006
0.8150000000000006
0.8000000000000006
0.8000000000000006
0.8000000000000006
0.7900000000000006
0.7950000000000006
0.7700000000000006
0.7550000000000006
0.7500000000000006
0.7850000000000006
0.7950000000000006
0.8000000000000006
0.8300000000000006
0.8100000000000006
0.7950000000000006
0.8150000000000006
0.7650000000000006
0.7650000000000006
0.7900000000000006
0.8050000000000006
0.7700000000000006
0.7700000000000006
0.7800000000000006
0.8050000000000006
0.7600000000000006
0.7500000000000006
0.7900000000000006
0.7700000000000006
0.7950000000000006
0.7850000000000006
0.7900000000000006
0.7900000000000006
0.7950000000000006
0.7750000000000006
0.7800000000000006
0.7900000000000006
0.8000000000000006
0.7500000000000006
0.7600000000000006
0.7800000000000006
0.8100000000000006
0.7400000000000005
0.8000000000000006
0.8000000000000006
0.8050000000000006
0.7500000000000006
0.7600000000000006
0.8000000000000006
0.7650000000000006
0.7750000000000006
0.7750000000000006
0.7950000000000006
0.8050000000000006
0.7500000000000006
0.7750000000000006
0.7550000000000006
0.7750000000000006
0.7550000000000006
0.7700000000000006
0.7800000000000006
0.7600000000000006
0.7700000000000006
0.7850000000000006
0.7800000000000006
0.8000000000000006
0.7700000000000006
0.7850000000000006
0.7950000000000006
0.7850000000000006
0.8250000000000006
0.7800000000000006
0.7750000000000006
0.7400000000000005
0.7650000000000006
0.7700000000000006
0.7750000000000006
0.7850000000000006
0.7900000000000006
0.7900000000000006
0.7700000000000006
0.8200000000000006
0.8000000000000006
0.7950000000000006
0.7850000000000006
0.7800000000000006
0.8050000000000006
0.7550000000000006
0.7900000000000006
0.7850000000000006
0.8200000000000006
0.7950000000000006
0.7850000000000006
0.7700000000000006
0.8150000000000006
0.8200000000000006
0.8050000000000006
0.7750000000000006
0.7850000000000006
0.7550000000000006
0.7750000000000006
0.7900000000000006
0.7650000000000006
0.7700000000000006
0.7950000000000006
0.7750000000000006
0.7700000000000006
0.7800000000000006
0.8200000000000006
0.8100000000000006
0.8100000000000006
0.7550000000000006
0.7900000000000006
0.8000000000000006
0.8050000000000006
0.7350000000000005
0.7950000000000006
0.7800000000000006
0.7750000000000006
0.7500000000000006
0.7900000000000006
0.7500000000000006
0.7750000000000006
0.8150000000000006
0.8150000000000006
0.7950000000000006
0.7750000000000006
0.7850000000000006
0.7650000000000006
0.7800000000000006
0.7800000000000006
0.7700000000000006
0.7750000000000006
0.7650000000000006
0.7550000000000006
0.7800000000000006
0.7950000000000006
0.7650000000000006
0.7700000000000006
0.8000000000000006
0.7550000000000006
0.7700000000000006
0.7850000000000006
0.8050000000000006
0.7750000000000006
0.7850000000000006
0.7800000000000006
0.8050000000000006
0.7750000000000006
0.8150000000000006
0.7500000000000006
0.7750000000000006
0.8000000000000006
0.7800000000000006
0.7900000000000006
0.7500000000000006
0.8200000000000006
0.8000000000000006
0.8100000000000006
0.7750000000000006
0.7750000000000006
0.7750000000000006
0.7600000000000006
0.7800000000000006
0.7550000000000006
0.7650000000000006
0.7700000000000006
0.7450000000000006
0.7900000000000006
0.7900000000000006
0.7800000000000006
0.7500000000000006
0.7750000000000006
0.8150000000000006
0.7750000000000006
0.7600000000000006
0.7800000000000006
0.8050000000000006
0.7900000000000006
0.7950000000000006
0.7650000000000006
0.7700000000000006
0.7550000000000006
0.7500000000000006
0.7850000000000006
0.7550000000000006
0.7600000000000006
0.7900000000000006
0.8000000000000006
0.8050000000000006
0.7550000000000006
0.7700000000000006
0.7550000000000006
0.7950000000000006
0.7900000000000006
0.7900000000000006
0.8100000000000006
0.7650000000000006
0.7900000000000006
0.8300000000000006
0.8050000000000006
0.8050000000000006
0.8000000000000006
0.7800000000000006
0.7750000000000006
0.7800000000000006
0.7700000000000006
0.7950000000000006
0.7700000000000006
0.7800000000000006
0.8050000000000006
0.7800000000000006
0.8050000000000006
0.7950000000000006
0.7800000000000006
0.7850000000000006
0.7900000000000006
0.8050000000000006
0.8100000000000006
0.7350000000000005
0.8000000000000006
0.8100000000000006
0.8000000000000006
0.7800000000000006
0.7700000000000006
0.7850000000000006
0.7650000000000006
0.8100000000000006
0.7900000000000006
0.8150000000000006
0.7800000000000006
0.7600000000000006
0.7950000000000006
0.8050000000000006
0.8050000000000006
0.7950000000000006
0.7950000000000006
0.8000000000000006
0.7950000000000006
0.7750000000000006
0.8050000000000006
0.7750000000000006
0.7800000000000006
0.8050000000000006
0.7900000000000006
0.7900000000000006
0.7800000000000006
0.8100000000000006
0.7750000000000006
0.8150000000000006
0.7850000000000006
0.8300000000000006
0.8000000000000006
0.8150000000000006
0.7950000000000006
0.8350000000000006
0.7850000000000006
0.8000000000000006
0.8150000000000006
0.7800000000000006
0.7950000000000006
0.8000000000000006
0.7850000000000006
0.8100000000000006
0.7950000000000006
0.7650000000000006
0.7950000000000006
0.7900000000000006
0.7900000000000006
0.8100000000000006
0.8050000000000006
0.8050000000000006
0.7650000000000006
0.8300000000000006
0.8100000000000006
0.7800000000000006
0.8050000000000006
0.7650000000000006
0.7900000000000006
0.7900000000000006
0.8200000000000006
0.7900000000000006
0.8250000000000006
0.8000000000000006
0.7850000000000006
0.7800000000000006
0.8100000000000006
0.7700000000000006
0.8100000000000006
0.8200000000000006
0.7700000000000006
0.8050000000000006
0.7800000000000006
0.7900000000000006
0.7850000000000006
0.8150000000000006
0.7800000000000006
0.8050000000000006
0.8050000000000006
0.7850000000000006
0.7950000000000006
0.8050000000000006
0.8150000000000006
0.7950000000000006
0.7800000000000006
0.8000000000000006
0.7950000000000006
0.8150000000000006
0.7900000000000006
0.8000000000000006
0.7600000000000006
0.7950000000000006
0.7750000000000006
0.8050000000000006
0.8000000000000006
0.8000000000000006
0.7950000000000006
0.8050000000000006
0.7500000000000006
0.7800000000000006
0.7750000000000006
0.8050000000000006
0.8000000000000006
0.7900000000000006
0.7950000000000006
0.8000000000000006
0.7950000000000006
0.8100000000000006
0.7450000000000006
0.8000000000000006
0.7750000000000006
0.8050000000000006
0.7650000000000006
0.7500000000000006
0.7850000000000006
0.7800000000000006
0.7850000000000006
0.7800000000000006
0.8000000000000006
0.7900000000000006
0.8150000000000006
0.8150000000000006
0.7900000000000006
0.7850000000000006
0.7600000000000006
0.8100000000000006
0.7850000000000006
0.7550000000000006
0.7950000000000006
0.7850000000000006
0.7600000000000006
0.7950000000000006
0.7800000000000006
0.7800000000000006
0.7950000000000006
0.7750000000000006
0.7900000000000006
0.7650000000000006
