0.004687126318830009
-0.0026085456840361184
0.024512713109962617
-0.0007067624231338887
0.01833135594548345
-0.06992133731392977
-0.029410861934103836
-0.013577780916998166
0.02479113486031575
-0.035554624754217126
1.130382653417947
0.9343048428587295
0.8153875003244353
0.814876821096661
0.8333977340658857
0.8532412568931304
0.7863594489728962
0.8185189683200986
0.8533318687848016
0.8386392569009137
0.8294447000616086
0.8629444094471799
0.8430135633773327
0.8922454855103807
0.8792209150321785
0.8716049428809681
0.8705111128643802
0.9386466014928104
0.9641357513995552
0.9503541197859009
0.9483752778464385
0.9806987454495211
0.9521169735325675
1.019999560061991
1.012934268922024
1.0554087237796272
1.030571647078692
1.040344258976408
0.9929240226954307
0.9648493899117546
1.0125339058797629
1.0548084831699267
1.0758641584101742
1.0782056192476308
1.0701778295407043
1.0367883370681263
1.048370208558504
1.0282074213110222
1.0843671655391784
1.1111179043757033
1.125448212124258
1.112178590413591
1.1119461391615748
1.086231448663054
1.1090224985646993
1.1108774283550595
1.0964843779560802
1.1200940929577419
1.166615349965957
1.1383234445137398
1.1254073920652174
1.1693462295519803
1.1066840792068837
1.1423238309689536
1.1752425490973362
1.1437574860092734
1.1896750937425382
1.1779766377484318
1.18869738427026
1.2192155881960205
1.1805459126733833
1.2234601215965417
1.158567115686349
1.183838396972723
1.1887568478175234
1.1886978275618982
1.1863727721517747
1.1653451800146815
1.199214895498854
1.2297986178026439
1.220382386523307
1.2541321924970377
1.2119218298325252
1.2176963009172783
1.1990827174720677
1.2065415410396447
1.2496639970411114
1.219099850253085
1.2290302694879514
1.2264013493365586
1.2169052995305651
1.2226384039791867
1.2433134280754565
1.2576980361168797
1.2334484394551322
1.206667797329806
1.215532032174289
1.266181678472747
1.232935198440052
1.2317851195980727
1.2509745097470322
1.197192523687946
1.2361880027627485
1.2882165574517832
1.26822101138283
1.2379275205946323
1.2244442936520306
1.2556302822056986
1.2718309155752197
1.2524639141069438
1.2568426225607285
1.2768782043925941
1.2651665711793605
1.2597265310631758
1.279645199994161
1.29667701387849
1.237837494967835
1.261955657923695
1.2680009847141644
1.2923858111205502
1.277921424060237
1.2801590277904924
1.2578382731885644
1.3292888601763082
1.260823517436364
1.3056103879519598
1.3378955299165982
1.324176587705054
1.36248393966564
1.3249258634610865
1.29972426021899
1.3194481212984595
1.311019962529395
1.3554327860889799
1.308185140357118
1.2895710646444072
1.3367379060097289
1.3323780548544386
1.3654081663783844
1.2979525178847313
1.3060436742134556
1.340366971934901
1.2912996562296388
1.3362276422347963
1.3108045812210185
1.3410227519218678
1.3366325698756951
1.3402221308856497
1.3168132478331842
1.3113023866028422
1.3293549705203767
1.3214936082989088
1.3627002928221499
1.3360082275382792
1.3479742943522017
1.3228420591633854
1.3190962685492698
1.3764731777119403
1.3954999742949286
1.353053009633316
1.3602062098697636
1.353725875623108
1.3229436131865306
1.4031655668120395
1.3334392194976137
1.3601672634996758
1.3798281511088046
1.368251950936426
1.3448175914154565
1.3208505004366218
1.2956069239005525
1.3623894625214699
1.2925168001751903
1.3509151920557314
1.3364309480038
1.328206467409929
1.3685562660934423
1.3590502215964335
1.370217476703123
1.3729947357353185
1.3672680287692192
1.3819900268007368
1.359599436337434
1.3400394049859816
1.3534527570741188
1.3901019895579434
1.4052769820565718
1.3747188221286315
1.362998001032496
1.3596810387972473
1.3843049200923345
1.3561728533982749
1.3482535314705284
1.3654064662417422
1.3755309732548915
1.393199566401755
1.3787738279964326
1.3535398181295757
1.3682171460609271
1.4049104918617183
1.337716418723003
1.3880183512956539
1.4447026028087253
1.3725179866596655
1.326711690406174
1.3922785191803373
1.377908586586287
1.3703217270017023
1.3607511799295668
1.3695528959951253
1.3823078598116825
1.3875933117669406
1.3622256172018332
1.3752994970192571
1.3729166740632919
1.3963112636372448
1.3832987157508245
1.3978115214762075
1.3719261611047207
1.38787081273645
1.4019399391734124
1.367866265884227
1.377695356786501
1.3839937138931184
1.397630413834614
1.3615663754443974
1.3987139804532014
1.38595034016889
1.3976986250693286
1.3850354057909822
1.3533320375229603
1.3822370581555574
1.354796333556603
1.4188503875323517
1.3625359808924018
1.4062440587677678
1.406683664060685
1.3783049249330905
1.414470435859059
1.3710400332253034
1.3944729167567764
1.3957153555945165
1.3423170996761953
1.4032502153460367
1.3501239610317222
1.4205611127093316
1.4182270922109874
1.3878409341462934
1.4528331172586726
1.425210337654906
1.3769174242053588
1.4169595461901887
1.3766145616317322
1.4175116695934047
1.3825979991768649
1.4020604172975848
1.4057555295497703
1.4240333906088725
1.408905746164168
1.3878341792482736
1.3885114511555425
1.3864140678176564
1.393794798827676
1.4317767046029546
1.4133794856207273
1.4132140583325137
1.3981927269777736
1.4320603615229948
1.403272921637241
1.3979184943188496
1.4103189573137385
1.4329483371785905
1.4113773218889636
1.4347200979791366
1.4097426086097342
1.4167403808738432
1.36062677957034
1.3837851093017108
1.4472045663794744
1.4054937046128766
1.4059517955523895
1.4489943638075495
1.4028744751393802
1.4247079020923956
1.410671999603293
1.3969244346629632
1.4124002224919523
1.4294743139915624
1.412569669315919
1.438018047193252
1.398771837526405
1.3876173735327568
1.4197589194113311
1.435379592367442
1.4283342983716578
1.425158300462359
1.4531404169556514
1.412924518596982
1.42758241702168
1.4205147051685085
1.444458290025937
1.4363507888328533
1.4358848055729279
1.422339418858239
1.4284040522567536
1.4078530787515047
1.4106688282261748
1.4128994586749368
1.400695070951374
1.4202668821119502
1.4052371297139936
1.3834918882172047
1.4035996412603644
1.4191240443014883
1.3803639032746917
1.4343455986851545
1.4276029023987222
1.4628080285411729
1.417391224632251
1.4117055825099571
1.4522044564169703
1.4194208103990442
1.4490006824140993
1.4366657029904124
1.3828024337295526
1.455755032915245
1.43565370463269
1.4229449642716545
1.4451737338756303
1.4364478980559225
1.4495273745510253
1.416663475805145
1.4132526792425149
1.463810136342717
1.481654397508947
1.4371752404828249
1.4431277359211603
1.4255252703082197
1.381421983871819
1.4000540132142165
1.3766879971571722
1.428376293272213
1.4327855486019074
1.4328926636282655
1.3942417958243152
1.3905774126399268
1.4104108286391763
1.4704756542788455
1.4184571998862023
1.4106708524869158
1.4579215707502162
1.4586844000157047
1.4292264037329712
1.4305736656548098
1.4279061715983108
1.4098373276000253
1.4326068233444906
1.4523936289374946
1.4182200318997857
1.4632244780316666
1.4369239653287973
1.4532156460369388
1.4541976007262691
1.431753065442985
1.4642441238699166
1.3850198232574231
1.457722300366651
1.4614242188362034
1.450172015987666
1.4436195044267617
1.4709723126506022
1.4079393151354163
1.4486056316023401
1.3996614331059671
1.4370389297478656
1.4846067176179478
1.462078216231042
1.4352942775016941
1.4191199120614657
1.442074609853625
1.4346384863016244
1.459311413677297
1.4595378002002506
1.446535984557741
1.4289042514515284
1.4377422301027536
1.4459384763977061
1.457531001386885
1.4626040479128173
1.4338172689599085
1.4333949265357955
1.418923914866283
1.4464049649721955
1.4244478766086779
1.4731588338428332
1.4102177583129045
1.4387720118361296
1.417365956218977
1.4156283694023504
1.4300457036779322
1.444221201869036
1.4120568670019336
1.4606598279769967
1.4435112977112183
1.4639884825073481
1.4442202221720912
1.427272067572635
1.449427624008957
1.4838248053343426
1.4952355225001541
1.458589460781053
1.4503296115991655
1.4262690670245595
1.4632009654838987
1.4053661969244051
1.451587318367217
1.4250547302463943
1.440109578145153
1.4213213242980502
1.4706001903261374
1.4924253745306653
1.4886825161009987
1.4460523373963634
1.4612207344544739
1.4140839141900612
1.4282416954607025
1.4918304396734847
1.483217002532634
1.4627492589338194
1.404240418622309
1.438582366674398
1.4608526284111802
1.4260974019679717
1.463561612355009
1.4699929084939474
1.469808455270909
1.4689170279653165
1.4245324825939651
1.4477455337749752
1.4416636972270673
1.4423021701240093
1.4111980878266048
1.461236554756475
1.4080911849922049
1.4273773985208416
1.447965470368471
1.444889836315353
1.4275713419504403
1.493548299817568
1.464326437171679
1.4766814605218406
1.4218414706748572
1.4303990662907076
1.4620148843786274
1.4276904070830936
1.4350319807278076
1.4387007375934417
1.469650815272396
1.4611321847596854
1.414955770005854
1.5168205002727648
1.5080233524852595
1.498535736354438
1.4520210732790833
1.456968772807385
1.4943220224252924
1.4528161234763337
1.4359896535992012
1.4235096406932237
1.4302998271409058
1.4784179392460974
1.461224403737252
1.3873953127877603
1.4629325323979487
1.459792065729176
1.4409209933128377
1.45788869965739
1.4184647103240977
1.5035721198815968
1.4983649637888656
1.437917019749929
1.4472266212114222
1.479070664259508
1.4782470962213103
1.4801553532377365
1.4498013805170686
1.461039980508781
1.4786082526596611
1.4397647753444427
1.4801574708976912
1.4646922947655678
1.4822899235111642
1.4651351236698145
1.4529691053465006
1.4507265110995344
1.470654321825159
1.4572316386049984
1.4434880053397043
1.4748054325046436
1.4497628988547295
1.4561427085107579
1.4375199566833448
1.4539746047889588
1.4912095604368376
1.476811611858924
1.4206465807414985
1.4497841791217725
1.4612505985751656
1.4754260199187477
1.4321147799336
1.4422986693154405
1.4550811325334154
1.4988894133597228
1.474652681361185
1.462795170581752
1.483489097219403
1.5261783752811142
1.4757715334872945
1.4488060878645819
1.4891808282925802
1.4700904046587244
1.491681701849641
1.4794649460536993
1.4869032368749056
1.489717489045572
1.4978245324629378
1.4321755995329901
1.474138041807603
1.4829599734420706
1.460653233968662
1.454569575815243
1.4775600591953
1.4723481643828564
1.4477095162247606
1.4493022568654308
1.474560785341432
1.4828531017769342
1.450294257031385
1.4982621470904613
1.4749930512507905
1.4683612926443583
1.4924229905451967
1.4601642440563785
1.461191099794782
1.468233690345459
1.4675618861015132
1.471182160114288
1.4766174506314391
1.4744280523514068
1.4844086541940174
1.4527191750664157
1.4944774651380512
1.505827042289585
1.5118471054102312
1.5113386063292806
1.4429872412352465
1.499938991465603
1.4582202822891135
1.492463197345046
1.4895722932111486
1.462713211615049
1.4314490104368984
1.4505462908059534
1.4675917073528566
1.4722176824763278
1.5235604418094022
1.4929106961958811
1.4766445820155765
1.4175471139906324
1.4726300497345728
1.47710233048002
1.4663809214519408
1.4364768025717103
1.480628723221125
1.4821150428025438
1.478634446081516
1.4768821411534787
1.4879506163622285
1.507075174072818
1.4751524894224266
1.4619689143653654
1.4728075659552327
1.5021117425895514
1.4577301052205058
1.5472675134463196
1.5025531001054064
1.508802683561364
1.4622698346729281
1.488322703768199
1.4754230849380838
1.4226374335579217
1.474323149404066
1.4602293864575366
1.477324312770403
1.493836601158735
1.5040242977030056
1.4737988680660499
1.482344486218298
1.467199235511602
1.5164429687470375
1.4277710451252121
1.4151659865426176
1.4827313108344782
1.4783299129668472
1.4936850299407
1.4773891838052298
1.529921824580677
1.4502166299319106
1.4621640009564085
1.4483710661606135
1.471513115284152
1.4894771499813872
1.435723405543518
1.4795324893676447
1.498884549246509
1.5062686222766726
1.493949353949934
1.5074168802542955
1.4845711836508957
1.4799331964080606
1.4699124447627845
1.4926174653641362
1.5176184211850086
1.4472369432725067
1.4348591229480048
1.4657333759756574
1.4502798723721755
1.4848492715877395
1.4396289135661815
1.5015158947536358
1.5030805918486958
1.4516464059587033
1.493298521158461
1.4583217391030334
1.4966863202658212
1.4629080444891558
1.489540445912602
1.50758778169377
1.4617862739446434
1.5257639709881536
1.4643095732515814
1.4593995727141762
1.4775591556531986
1.4612124157105626
1.4975564412606863
1.454924296313847
1.5251771528795848
1.4980678397746894
1.4909670417946634
1.46648112460698
1.4742267593692966
1.4987009795825188
1.5182771674362723
1.4501574105458765
1.4606147872186375
1.4501319039472076
1.478957620386638
1.4562972698994476
1.4793588604418726
1.4732135699782196
1.496045634844731
1.4923686964071339
1.499457838161811
1.4457008126979622
1.4881621518197776
1.481066595134032
1.4670602077599069
1.4431842783552722
1.4879995636373002
1.5045709681563095
1.464526003031228
1.4892096859447501
1.5101728504988472
1.48200546676556
1.509621231772761
1.5077875383775017
1.4678137080964277
1.5017829134311236
1.4890873093899795
1.4589717935256705
1.5038594761190271
1.4903406918357829
1.459138047955521
1.464523857994257
1.4574805532141206
1.4834411200570585
1.484852584519235
1.4331136038871142
1.5379496940296764
1.4778813665271398
1.4583584497315558
1.5125454566361838
1.4939786956347902
1.499760966434509
1.4911328962132475
1.4956984670205327
1.5011664347813325
1.5138973791113581
1.432456568270286
1.5034723863289634
1.4781222202603677
1.456603977361549
1.4726769131998163
1.4754739852137537
1.4841382483180756
1.486717551153832
1.4595122093818185
1.4744820495372368
1.4582323145675127
1.498600362500761
1.4835358538280718
1.5018268244801174
1.489143649075694
1.49389402235301
1.485236814591914
1.4682251650287195
1.4616584264731116
1.4483040149774111
1.48303739511476
1.4938691422675947
1.4499190593899005
1.4610996931847042
1.4760230233135814
1.5280376324796163
1.5289720568068994
1.493455387420225
1.5063415061920806
1.483676690050788
1.5196236536590453
1.4910853200061005
1.4924626475235203
1.5158722788593195
1.4813083619510266
1.5121309662465006
1.4583478840952229
1.4727988313400142
1.5204240027239926
1.4895283104779689
1.5020854010585318
1.4736671443313973
1.4802935440202736
1.5126396530743387
1.5529713697569227
1.4550715519630357
1.4850378153505448
1.4968966140600912
1.4849700311495564
1.5036330708238044
1.5135763996338292
1.4835130582627116
1.502648935643307
1.4937460515845364
1.4945936606147863
1.4979947766691641
1.4874148251065902
1.4670603667887283
1.5109896601187418
1.456755595750147
1.483553424072192
1.532684536978227
1.526424296171859
1.5108496651155372
1.5099044714518604
1.464744365458568
1.4834539445114718
1.5166106361052583
1.4303727441244962
1.5177823992399448
1.495179897633308
1.4974926697853586
1.4692451935804207
1.4718291555272887
1.5096680660485435
1.4802600197581144
1.4681616312956474
1.4624498885151949
1.4435626013327465
1.5185896058252266
1.5053216680779336
1.499863348326757
1.4841964243326684
1.4403400738783059
1.4892244947565243
1.5360614874904612
1.4946052446500837
1.5195105393610397
1.509904885403081
1.4811435016831245
1.5152209518611282
1.480364558693628
1.5146718885620585
1.4794347646911619
1.5092052705193963
1.4573370503012675
1.5080374075243004
1.4883740001971144
1.4656159882151107
1.499067076832324
1.4724798824975731
1.493763444469888
1.4527112257225328
1.461371899338824
1.4643618675389722
1.454762438793905
1.5279080046880007
1.4838676318717061
1.5343387514223805
1.5373939973269886
1.482700761623221
1.5096973649704075
1.5187383373206351
1.5208284977360684
1.5152365885048982
1.5119967641000878
1.51761220085297
1.4809157057152282
1.492734255603318
1.450747712495217
1.4557037191670648
1.4681522454946323
1.520969502854332
1.5058969401666087
1.5013200769672277
1.4946858156203973
1.49038552312511
1.4903222796572622
1.5367483298175522
1.4927695064171225
1.4751507330991238
1.5218203226098224
1.4503178883375216
1.4853803677928512
1.4738913527519044
1.5078628389358597
1.5043879290371145
1.4933282115573348
1.4794820797520765
1.4561161554771973
1.5198748535883173
1.4868880981215253
1.5117320840674977
1.481993960562611
1.4757121786636251
1.4803143287466045
1.4902992153032768
1.505972998038595
1.5004089419642617
1.4739098827307702
1.4919060078164093
1.5274223183295494
1.4837871804947835
1.4751989500205145
1.5205970398820967
1.5126216124042449
1.50859861780032
1.5252663596170326
1.460018542245545
1.5378051469979863
1.4956529842805744
1.4581736630371165
1.4876478360158352
1.479264229019141
1.4988433169897017
1.486425205471851
1.479164386742475
1.5142583921872512
1.5044703362311163
1.5193359048201027
1.4994048810242255
1.5365197703993836
1.4881273504477446
1.502176693558636
1.5151619427676755
1.526017988125464
1.533814083855816
1.515238472654489
1.4721596734616675
1.4587647480333394
1.5185452853881678
1.4656922739092393
1.488174464215349
1.5107383136996444
1.4517284362348695
1.5130593292181918
1.5148567488482476
1.5095541576662954
1.516351382527674
1.5394886427766143
1.4700132879564671
1.4850456297721821
1.4315034113843055
1.4947492041123103
1.5188219796810656
1.515169003093348
1.4754535350102318
1.5205684851228316
1.4984296113603253
1.4762427000461242
1.5486771159279937
1.5537623515367167
1.5107765084732523
1.481261542174187
1.5164885871998406
1.4709099348017234
1.4893237865152003
1.54321917541975
1.4968755056181202
1.5447579811525591
1.4816770919838473
1.458580737631905
1.4981699290042838
1.502518675219293
1.4938545351226389
1.5368415716686619
1.4989509470439695
1.4909751476774575
1.500884204958674
1.5365418227286902
1.4508624047905436
1.506992711027015
1.5114865088809646
1.52815286870646
1.511473589815651
1.5403102421342687
1.5158325448485985
1.4756253739397962
1.5052959402012827
1.4944111117488743
1.480974852421081
1.5038840811464282
1.4589833394705627
1.5042728281481557
1.4949421622235401
1.5085701545730401
1.4981058100139844
1.469325525743077
1.5044371985277738
1.5256919013300196
1.4966058097880945
1.5236513900608002
1.5386416015033684
1.5040678024929708
1.4729241614492397
1.5148083124852134
1.521392188687768
1.4784050699524955
1.507593668709585
1.4824585687375957
1.5216466568795353
1.538789384634033
1.5129298000142144
1.4696323635308532
1.5129823129211402
1.515594491843714
1.4902997252886494
1.4892751157652688
1.4972137057907102
1.513837377628181
1.4926620841395324
1.5044408601890866
1.4862044690257152
1.5202799294649019
1.5254331725834884
1.5350446620261204
1.4952656684891559
1.4982567059269671
1.504553175361699
1.508503432754673
1.5213129764896167
1.4904117385340792
1.5025222768247892
1.5374099221977746
1.532603862979777
1.4878200719162287
1.5112103717349594
1.502324296072245
1.5300276438657598
1.4875374405133905
1.526208370607464
1.5004489389478874
1.5245500606951041
1.5109788084162339
1.4774803991924559
1.526213593798681
1.4814880014428988
1.4839936497488626
1.502652999550548
1.469201793008535
1.4967860300506561
1.4911170145555048
1.4792707408945245
1.4540162675443453
1.5004536267997153
1.474598651492057
1.4676030112672551
1.5172581175844146
1.4543401259027395
1.4646099136323871
1.5109655592192537
1.5208204603862172
